# callgrind format
version: 1
creator: callgrind-3.16.1
pid: 4596
cmd:  ./main
part: 1


desc: I1 cache: 
desc: D1 cache: 
desc: LL cache: 

desc: Timerange: Basic block 0 - 4979977
desc: Trigger: Program termination

positions: line
events: Ir
summary: 23311249


ob=(3) /lib/x86_64-linux-gnu/libc-2.31.so
fl=(131) ./string/../sysdeps/x86_64/multiarch/memset-vec-unaligned-erms.S
fn=(522) __memset_avx2_unaligned_erms
168 15
+5 5
+1 5
+1 5
+1 5
+8 5
+1 5
+3 5
+1 5
+10 5
+1 5
+1 5
+1 5
+1 5
+1 5
+1 5
+1 5
+1 5
+1 5
+1 5
+1 5
+1 5
+1 5
+2 10
+1 10
+1 10
+1 10
+1 10
+1 10
+1 10
+1 5
+1 5

fl=(91) ./string/../sysdeps/x86/cacheinfo.c
fn=(342) handle_intel.constprop.0
259 21
+2 9
+3 6
+8 6
+3 6
-2 3
+2 3
-5 6
+11 15
+5 6
+2 3
+1 3
-1 3
+5 12
cfn=(344) intel_check_word.constprop.0
calls=3 132 
* 993
+2 6
+3 15
cfn=(344)
calls=3 132 
* 317
+2 6
+19 33

fn=(344)
132 18
-4 24
+10 18
-10 6
+10 24
+2 12
+68 18
+3 36
-71 24
+2 15
+2 30
+8 30
+51 24
+22 12
fi=(92) ./string/../bits/stdlib-bsearch.h
28 12
-1 24
+8 66
-6 162
+2 162
+1 81
fe=(91)
+87 162
+3 81
fi=(92)
-85 30
fe=(91)
+97 3
255 24
-91 9
+3 9
-6 3
+3 6
+9 6
+1 6
+22 5
-32 15
+3 15
+4 16
+2 32
+2 14
+1 4
+5 3
+2 6
+2 3
+2 3
+1 3
-2 3
-1 3
+2 6
-2 3
+3 3
-2 9
+2 9
-11 10
+1 6
+1 2

fn=(340) init_cacheinfo
488 7
+14 2
769 1
+13 1
502 2
772 2
+2 1
+1 1
+2 1
-3 1
+5 1
-5 1
+4 3
+4 2
+3 2
+2 1
+1 1
+2 1
-3 1
+5 1
-5 1
+4 3
+15 1
+2 6
-2 1
+3 8
500 1
+4 1
-4 1
+4 1
cfn=(342)
calls=1 259 
* 457
+2 1
-2 1
+2 1
cfn=(342)
calls=1 259 
* 495
+5 1
-5 1
+5 1
cfn=(342)
calls=1 259 
* 520
* 1
+8 2
-9 1
+20 1
+5 2
+4 2
+8 6
+3 4
+6 2
-6 9
+6 6
+3 26
+14 2
+4 1
+3 1
+1 1
-4 1
+3 1
-3 1
+3 1
+6 4
-39 6
691 4
+1 5
+4 2
+73 2
564 2
+4 1
+1 1
-1 2
+1 1
+23 2
+8 2
+2 1
-2 6
+2 4
-2 1
+4 1
+23 2
-25 2
+2 6
+2 6
+3 2
+1 8
+2 4
+3 2
+5 1
+2 2
+1 1
+1 1
-2 2
+1 1
+1 1
+27 2
+1 2
+2 1
-1 1
+1 1
-24 2
-7 1
+11 2
+3 1
+2 4
+1 1
+5 2

fl=(128) ./string/../sysdeps/x86_64/multiarch/memchr-avx2.S
fn=(506) __memchr_avx2
43 33
+1 33
+2 33
+2 33
+9 33
+3 33
+1 33
+1 33
+32 33
+1 33
+1 33
+1 33
+2 33
+1 33
+1 33
+1 33
+3 33
+1 33
+2 33
+1 33
+1 33
+1 33

fl=(68) ./string/../sysdeps/x86_64/multiarch/strncmp.c
fn=(236) strncmp
41 6
-2 2
+2 2
-2 4
+15 2

fl=(64) ./string/../sysdeps/x86_64/multiarch/ifunc-avx2.h
fn=(244) strnlen
32 6
-2 10
fi=(149) ./string/../sysdeps/x86_64/multiarch/strnlen.c
+1 2
fe=(64)

fn=(294) strchrnul
32 3
-2 5
fi=(150) ./string/../sysdeps/x86_64/multiarch/strchrnul.c
+1 1
fe=(64)

fn=(224) rawmemchr
32 3
-2 5
fi=(151) ./string/../sysdeps/x86_64/multiarch/rawmemchr.c
+1 1
fe=(64)

fn=(268) strlen
32 3
-2 5
fi=(152) ./string/../sysdeps/x86_64/multiarch/strlen.c
-1 1
fe=(64)

fn=(276) memchr
32 3
-2 5
fi=(153) ./string/../sysdeps/x86_64/multiarch/memchr.c
-1 1
fe=(64)

fn=(222) rindex
32 3
-2 5
fi=(154) ./string/../sysdeps/x86_64/multiarch/strrchr.c
-2 1
fe=(64)

fn=(270) memrchr
32 3
-2 5
fi=(155) ./string/../sysdeps/x86_64/multiarch/memrchr.c
-1 1
fe=(64)

fl=(133) ./stdio-common/printf.c
fn=(538) printf
28 466176
+4 38848
+1 77696
-1 77696
+1 38848
-1 38848
+1 38848
-1 38848
+1 38848
-1 38848
+1 38848
cfi=(134) ./stdio-common/vfprintf-internal.c
cfn=(540) __vfprintf_internal
calls=38848 1289 
* 20730411
+4 194240

fl=(125) ./libio/getc.c
fn=(488) getc
34 4432
+3 2216
+1 6012
+5 5116
-5 212
cfi=(106) ./libio/genops.c
cfn=(400) __uflow
calls=212 299 
* 40492

fl=(75) ./wcsmbs/../sysdeps/x86_64/multiarch/ifunc-wmemset.h
fn=(260) wmemset
32 4
-2 2
+2 6
-2 4
+5 2
-1 2
+1 2
-1 6
fi=(156) ./wcsmbs/../sysdeps/x86_64/multiarch/wmemset.c
-3 4
fe=(75)

fl=(110) ./malloc/malloc.c
fn=(444) _int_malloc
3513 5089
1208 1454
+2 3635
3553 8
+24 8
+61 725
+2 725
-2 725
+2 1450
4147 6543
1210 1446
3553 1446
4131 1446
3577 1446
+58 8
+62 67
+1 6
3577 8
1210 8
3582 8
+2 8
-2 1438
+2 1438
+5 4326
4133 1450
3637 725
4133 9425
3718 725
-1 725
-1 725
+1 1450
+1 1452
-1 2
-1 2
+1 4
+1 4
-2 1452
+6 726
+6 726
+67 2178
-67 2178
-6 1
+6 1
+67 3
-67 3
3917 1454
+2 6
+3 2
-3 2
+3 4
+68 1454
+1 727
+1 727
-1 727
+3 727
-2 727
+2 727
-1 1454
+1 727
+5 1454
+7 8700
-3 8706
4103 727
+1 1454
+2 1454
+3 2182
+17 3
3638 6
4141 4
cfn=(446) sysmalloc
calls=1 2255 
* 227
* 1
+1 2
-22 2181
cfn=(454) alloc_perturb
calls=727 1868 
* 2908
+1 727
-7 726
-3 726
+1 726
-1 726
+3 726
-1 726
+1 726
+2 726
-2 3630
+2 726
+3 1452

fn=(416) malloc
3031 726
-8 2904
+8 726
+1 1452
1208 1450
+2 2900
3044 2900
+3 1450
+9 2175
+2 2175
cfn=(444)
calls=725 3513 
* 108728
* 725
+1 5075
+23 3625
1210 721
3042 2163
+7 2172
-16 1
+49 3
-49 1
cfi=(111) ./malloc/hooks.c
cfn=(418) malloc_hook_ini
calls=1 30 
* 74949

fn=(417) malloc'2
3031 1
-8 4
+8 1
+1 2
1208 2
+2 4
3044 4
+12 3
+2 3
cfn=(444)
calls=1 3513 
* 149
* 1
+1 7
+23 5
1210 1
3042 3
-64 4
cfn=(440) tcache_init.part.0
calls=1 +3 
* 472
+69 2
+1 4
+1 3

fn=(440)
2981 1
-9 1
+9 6
fi=(115) ./malloc/../sysdeps/unix/sysv/linux/x86/lowlevellock.h
47 2
fe=(110)
2982 3
cfn=(444)
calls=1 3513 
* 358
* 1
+1 2
+8 4
+7 2
+2 1
+1 2
-1 1
+1 86
+3 2

fn=(446)
2255 8
+20 2
+11 2
+1 5
fi=(112) ./malloc/arena.c
536 3
fe=(110)
2302 4
+66 1
+1 3
+1 1
+9 4
+6 3
+3 3
2705 2
+1 1
+5 2
+3 2
+5 1
-2 1
+5 1
-6 1
+3 2
-1 1
+1 2
+1 1
-1 2
+1 1
+8 9
2379 5
-77 2
2449 2
+11 1
+8 2
+2 5
cfi=(116) ./malloc/morecore.c
cfn=(448) __default_morecore
calls=1 46 
* 55
+4 3
-4 1
+4 1
+3 2
+1 2
+48 1
-2 2
+2 1
-2 2
+2 1
+6 2
-7 2
2662 1
-1 1
-1 1
+1 2
+1 1
-1 1
+1 1
+11 2
2535 4
+40 3
+22 2
+1 5
+2 1
+1 5
cfi=(116)
cfn=(448)
calls=1 46 
* 25
+12 3
-12 1
+12 1
+8 2
+1 2
+1 3

fn=(454)
1868 2181
+2 727

fl=(71) ./string/../sysdeps/x86_64/multiarch/ifunc-sse4_2.h
fn=(246) strcspn
30 5
fi=(157) ./string/../sysdeps/x86_64/multiarch/strcspn.c
-1 1
fe=(71)

fn=(264) strpbrk
30 5
fi=(158) ./string/../sysdeps/x86_64/multiarch/strpbrk.c
-1 1
fe=(71)

fn=(280) strspn
30 5
fi=(159) ./string/../sysdeps/x86_64/multiarch/strspn.c
-1 1
fe=(71)

fl=(86) ./csu/init-first.c
fn=(328) _init
52 3
+3 3
+14 1
+8 1
-10 1
+1 1
+1 1
+8 1
cfi=(87) ./misc/init-misc.c
cfn=(330) __init_misc
calls=1 -46 
* 58
+8 2
-5 1
cfi=(89) ./ctype/ctype-info.c
cfn=(336) __ctype_init
calls=1 -49 
* 16
-18 1
-7 1
+7 4

fl=(129) ./string/../sysdeps/x86_64/multiarch/memmove-vec-unaligned-erms.S
fn=(510) __memcpy_avx_unaligned_erms
233 33
+6 33
+1 33
+58 33
+1 33
+2 12
+1 12
+23 21
+1 21
+1 21
+1 21
+1 21
+4 12
+1 12
+1 12
+1 12
+1 12

fn=(566) __mempcpy_avx_unaligned_erms
220 82247
+1 82247
+1 82247
+17 82247
+1 82247
+58 82247
+1 82247
+2 82247
+1 82247
+1 82037
+1 82037
+1 81781
+1 81781
+1 81771
+1 81771
+1 81771
+2 81771
+22 210
+1 210
+1 210
+1 210
+1 210
+3 256
+1 256
+1 256
+1 256
+1 256
+3 10
+1 10
+1 10
+1 10
+1 10

fl=(74) ./wcsmbs/../sysdeps/x86_64/multiarch/wcsnlen.c
fn=(258) wcsnlen
40 3
-2 1
+2 1
-2 2
+11 1

fl=(141) ./io/../sysdeps/unix/sysv/linux/write.c
fn=(610) write
26 147
+1 21

fl=(140) ./libio/ioputs.c
fn=(584) puts
33 1698
+2 283
cfi=(136) ./string/../sysdeps/x86_64/multiarch/strlen-avx2.S
cfn=(588) __strlen_avx2
calls=283 +20 
* 4841
* 283
+1 283
-1 283
+1 3113
fi=(119) ./libio/../sysdeps/unix/sysv/linux/x86/lowlevellock.h
+11 566
fe=(140)
-11 283
+3 283
-3 283
+3 283
-3 283
+3 566
-1 566
+2 283
fi=(120) ./libio/libioP.h
941 849
+2 566
+1 566
fe=(140)
40 849
cfi=(107) ./libio/fileops.c
cfn=(548) _IO_file_xsputn@@GLIBC_2.2.5
calls=283 1198 
* 18225
* 566
+1 1981
+1 1132
fi=(120)
884 566
+1 2830
fe=(140)
46 1981

fl=(59) ./string/../sysdeps/x86_64/multiarch/ifunc-strcpy.h
fn=(210) strncpy
36 3
-2 1
+2 1
-2 2
fi=(60) ./string/../sysdeps/x86_64/multiarch/strncpy.c
-5 1
fe=(59)

fn=(218) strcat
36 3
-2 1
+2 1
-2 2
fi=(63) ./string/../sysdeps/x86_64/multiarch/strcat.c
-5 1
fe=(59)

fn=(252) strcpy
36 3
-2 1
+2 1
-2 2
fi=(73) ./string/../sysdeps/x86_64/multiarch/strcpy.c
-5 1
fe=(59)

fn=(282) stpncpy
36 3
-2 1
+2 1
-2 2
fi=(79) ./string/../sysdeps/x86_64/multiarch/stpncpy.c
-3 1
fe=(59)

fn=(286) stpcpy
36 3
-2 1
+2 1
-2 2
fi=(80) ./string/../sysdeps/x86_64/multiarch/stpcpy.c
-1 1
fe=(59)

fl=(117) ./misc/sbrk.c
fn=(450) sbrk
32 4
+8 2
-8 4
+8 9
+4 4
+4 4
+12 5
-19 2
cfi=(118) ./misc/../sysdeps/unix/sysv/linux/x86_64/brk.c
cfn=(452) brk
calls=1 -10 
* 10
* 2
+4 2
+11 1
cfi=(118)
cfn=(452)
calls=1 -25 
* 10
* 2
+4 5

fl=(107)
fn=(410) _IO_file_stat
1147 2
+1 6
cfi=(109) ./io/../sysdeps/unix/sysv/linux/wordsize-64/fxstat.c
cfn=(412) _fxstat
calls=2 33 
* 20

fn=(608) _IO_file_write@@GLIBC_2.2.5
1174 126
+2 126
+5 21
cfi=(141)
cfn=(610)
calls=21 26 
* 168
+1 42
+5 21
+1 21
-12 42
+4 63
+1 42
+10 63
+3 126
-4 63

fn=(464) _IO_file_read
1132 218
+2 218
-1 218
+1 436
cfi=(121) ./io/../sysdeps/unix/sysv/linux/read.c
cfn=(466) read
calls=218 26 
* 1526

fn=(548)
1198 350481
+7 116827
-7 467308
+6 398188
+9 164534
-2 329068
+17 246801
+1 82247
+3 82247
-3 82247
+3 164494
+2 82247
+2 82247
+2 246741
-2 82247
cfi=(129)
cfn=(566)
calls=82247 220 
* 1397323
* 82247
+1 82247
+1 82247
-2 82247
+4 164494
+27 164492
+1 1051443
-36 20
+12 20
fi=(120)
941 60
+2 40
+1 40
fe=(107)
1244 1
fi=(120)
941 3
+2 2
+1 2
fe=(107)
1244 63
cfn=(556) _IO_file_overflow@@GLIBC_2.2.5
calls=21 732 
* 3078
* 42
+6 42
+1 147
+2 42
+11 63
+1 84
cfi=(106)
cfn=(560) _IO_default_xsputn
calls=21 371 
* 1132
+2 63

fn=(604) new_do_write
432 21
fi=(120)
943 21
fe=(107)
432 42
fi=(120)
941 21
fe=(107)
432 21
fi=(120)
941 21
fe=(107)
432 21
fi=(120)
941 21
fe=(107)
432 105
+12 21
fi=(120)
943 42
fe=(107)
434 42
fi=(120)
944 42
fe=(107)
449 84
cfn=(608)
calls=21 1174 
* 924
+1 21
-1 21
+1 84
+2 21
+4 21
-4 63
+1 42
+3 63
-2 21
+4 189
-17 84
+14 63

fn=(686) _IO_file_sync@@GLIBC_2.2.5
793 8
+5 8
+2 2
+1 4
+11 4
+4 8

fn=(558) _IO_do_write@@GLIBC_2.2.5
426 45
+1 1
-3 42
+2 21
cfn=(604)
calls=21 +6 
* 2142
* 21
+1 21
-1 63
+1 21

fn=(404) _IO_file_underflow@@GLIBC_2.2.5
466 654
-4 1744
+7 436
+6 654
+3 436
+12 434
+7 2398
fi=(119)
47 218
fe=(107)
497 436
fi=(119)
47 218
fe=(107)
499 218
-2 218
+2 218
-2 218
+2 218
fi=(120)
941 436
fe=(107)
499 218
-2 218
fi=(120)
941 218
+2 218
-2 218
fe=(107)
499 436
fi=(120)
884 436
+1 2398
fe=(107)
506 436
cfi=(106)
cfn=(462) _IO_switch_to_get_mode
calls=218 164 
* 5232
+11 218
-5 218
fi=(120)
943 218
fe=(107)
512 218
fi=(120)
943 218
fe=(107)
512 218
+1 218
+2 218
-1 436
fi=(120)
944 436
fe=(107)
517 872
cfn=(464)
calls=218 1132 
* 2616
+2 436
+16 218
-9 218
+9 436
+2 436
+1 1744
-57 3
+5 2
cfi=(106)
cfn=(406) _IO_doallocbuf
calls=1 344 
* 75091
+4 3

fn=(556)
732 88
+1 66
+7 130
+37 21
-2 44
-32 2
+12 2
+9 3
+5 3
+2 2
-5 1
+5 1
+1 1
-5 1
+1 1
+4 4
+5 22
+11 22
-12 22
+12 44
-11 22
-1 22
cfn=(558)
calls=22 426 
* 2377
-31 2
cfi=(106)
cfn=(406)
calls=1 344 
* 305
+1 1
+9 1
-9 4

fn=(682) _IO_file_setbuf@@GLIBC_2.2.5
382 4
+1 2
cfi=(106)
cfn=(684) _IO_default_setbuf
calls=2 +69 
* 134
* 4
+4 4
-1 4
+2 6
+2 2
+1 4

fl=(113) ./elf/dl-addr.c
fn=(424) _dl_addr
126 2
+2 1
-2 8
+5 1
-5 1
+5 2
cob=(1) /lib/x86_64-linux-gnu/ld-2.31.so
cfi=(2) ./elf/rtld.c
cfn=(52) rtld_lock_default_lock_recursive
calls=1 841 
* 2
+2 2
cob=(1)
cfi=(101) ./elf/../sysdeps/x86_64/dl-trampoline.h
cfn=(389) _dl_runtime_resolve_xsave'2
calls=1 -61 
* 923
* 5
+2 3
30 1
+1 1
-1 1
+1 1
+3 2
+5 1
+6 1
-7 1
+2 3
+2 3
+3 2
+4 5
-5 4
+5 4043
+2 1010
+1 2020
-1 1
+1 2
+2 2757
+10 9308
+1 14980
+5 7074
-10 7074
+1 14148
+2 7043
+37 2
+1 1
+1 3
+3 2
+36 2
cob=(1)
cfi=(2)
cfn=(54) rtld_lock_default_unlock_recursive
calls=1 847 
* 2
+3 9
-79 2016
+52 1
+21 1
-20 2

fl=(95) ./stdlib/cxa_atexit.c
fn=(360) __new_exitfn
88 2
-6 4
+11 4
-10 2
+12 4
-2 1
+10 1
-10 3
+45 1
+5 1
-4 1
+4 4
-18 1
-1 1
+1 1

fn=(356) __internal_atexit
36 5
+5 6
+2 1
fi=(96) ./stdlib/../sysdeps/unix/sysv/linux/x86/lowlevellock.h
+4 1
fe=(95)
-4 2
fi=(96)
+4 2
fe=(95)
-3 2
cfn=(360)
calls=1 +44 
* 31
+2 2
+7 1
+3 1
-3 2
+4 1
-2 1
+3 1
+1 4
+2 7

fn=(354) __cxa_atexit
70 2
cfn=(356)
calls=1 -34 
* 70

fl=(108) ./libio/filedoalloc.c
fn=(408) _IO_file_doallocate
78 16
+6 8
fi=(120)
941 6
+2 4
+1 4
fe=(108)
84 6
cfi=(107)
cfn=(410)
calls=2 1147 
* 28
* 4
+2 8
+11 8
+4 4
cob=(2) ???
cfi=(17) ???
cfn=(414) 0x0000000004865308
calls=2 0 
* 75152
* 2
+1 4
+2 8
cfi=(106)
cfn=(456) _IO_setb
calls=2 329 
* 54
+1 2
+1 16
-15 1
fi=(160) ./libio/../include/sys/sysmacros.h
-44 6
fe=(108)
+44 1
-2 2
+5 2

fl=(69) ./string/../sysdeps/x86_64/multiarch/strcmp.c
fn=(238) strcmp
41 3
-2 1
+2 1
-2 2
+14 1

fl=(138) ./stdio-common/_itoa.c
fn=(568) _itoa_word
165 38659
+3 154636
+2 77318
+9 618614
+9 77318

fl=(99) ./setjmp/sigjmp.c
fn=(378) __sigjmp_save
28 2
+2 2
-1 1
+5 3

fl=(118)
fn=(452)
31 12
+2 4
+6 2
+1 2

fl=(61) ./string/../sysdeps/x86_64/multiarch/ifunc-strcasecmp.h
fn=(248) strncasecmp
32 4
fi=(72) ./string/../sysdeps/x86_64/multiarch/strncase.c
-1 1
fe=(61)

fn=(272) strcasecmp_l
32 4
fi=(78) ./string/../sysdeps/x86_64/multiarch/strcasecmp_l.c
-1 1
fe=(61)

fn=(214) strcasecmp
32 4
fi=(62) ./string/../sysdeps/x86_64/multiarch/strcasecmp.c
-1 1
fe=(61)

fn=(296) strncasecmp_l
32 4
fi=(83) ./string/../sysdeps/x86_64/multiarch/strncase_l.c
-1 1
fe=(61)

fl=(65) ./wcsmbs/../sysdeps/x86_64/multiarch/ifunc-avx2.h
fn=(226) wmemchr
32 6
-2 10
fi=(161) ./wcsmbs/../sysdeps/x86_64/multiarch/wmemchr.c
+1 2
fe=(65)

fn=(278) wcslen
32 3
-2 5
fi=(162) ./wcsmbs/../sysdeps/x86_64/multiarch/wcslen.c
-1 1
fe=(65)

fn=(228) wcscmp
32 3
-2 6

fn=(242) wcschr
32 6
-2 10
fi=(163) ./wcsmbs/../sysdeps/x86_64/multiarch/wcschr.c
+1 2
fe=(65)

fl=(136)
fn=(588)
55 283
+1 283
+1 283
+3 283
+1 283
+1 283
+3 134
+1 134
+1 134
+8 134
+19 149
+1 149
+1 149
+1 149
+2 149
+1 149
+1 149
+1 149
+6 149
+1 149
+1 149
+4 149
+1 149
335 134
+1 134
+1 134
+4 134
+1 134

fn=(552) __strnlen_avx2
45 189
+1 189
+7 189
+2 189
+1 189
+1 189
+3 189
+1 189
+1 189
+3 189
+1 189
+1 189
+3 189
261 189
+2 189
+1 189
+56 189
+4 189
+1 189

fl=(109)
fn=(412)
33 6
+1 4
+1 8
+4 2

fl=(142) ./stdlib/exit.c
fn=(618) __run_exit_handlers
40 10
+5 3
+11 3
fi=(96)
-9 1
fe=(142)
+9 3
fi=(96)
-9 1
fe=(142)
+9 2
fi=(96)
-9 2
fe=(142)
+12 2
+2 5
+51 1
fi=(96)
-65 1
fe=(142)
+65 2
fi=(96)
-65 1
fe=(142)
+67 2
-44 6
+2 1
+1 1
-1 1
+4 4
+1 8
+29 1
+2 1
-5 1
+5 1
-2 2
+2 1
cob=(1)
cfi=(144) ./elf/dl-fini.c
cfn=(624) _dl_fini
calls=1 -78 
* 697
+1 1
+11 2
+1 2
+5 5
-61 1
+1 4
+63 2
+1 6
cfi=(106)
cfn=(670) _IO_cleanup
calls=1 863 
* 626
* 3
+2 2
cfi=(148) ./posix/../sysdeps/unix/sysv/linux/_exit.c
cfn=(688) _Exit
calls=1 27 
* 4
-86 1
cfi=(143) ./stdlib/cxa_thread_atexit_impl.c
cfn=(620) __call_tls_dtors
calls=1 +99 
* 11
* 1

fn=(616) exit
138 1
+1 4
cfn=(618)
calls=1 -99 
* 1435

fl=(90) ./libio/vtables.c
fn=(338) check_stdfiles_vtables
84 4
+1 3
+1 3
+2 1

fl=(106)
fn=(560)
371 189
+3 42
fi=(120)
941 147
fe=(106)
389 42
+8 21
+2 42
-20 84
+2 21
+1 42
+2 42
+19 21
+1 168
fi=(120)
947 42
fe=(106)
394 42
-1 63
+1 16
-1 24
+1 84

fn=(462)
164 872
+1 654
+3 654
+4 436
+1 436
+7 218
-4 218
+4 218
-2 436
+3 218
+1 872

fn=(684)
452 2
fi=(120)
941 2
fe=(106)
452 8
fi=(120)
941 2
fe=(106)
452 2
fi=(120)
941 2
fe=(106)
452 4
+1 2
fi=(120)
943 4
+1 4
fe=(106)
453 4
cfi=(107)
cfn=(686)
calls=2 793 
* 34
* 4
+4 2
330 2
462 2
-7 4
337 2
-5 2
467 2
333 2
+4 2
465 6
+1 6
+2 12
-11 2
+1 4
-1 2
330 8

fn=(402) _IO_default_uflow
361 218
fi=(120)
941 436
fe=(106)
361 218
fi=(120)
941 218
fe=(106)
361 436
+1 218
fi=(120)
943 436
+1 436
fe=(106)
362 436
cfi=(107)
cfn=(404)
calls=218 466 
* 103873
+1 436
+2 872
+1 872

fn=(468) _IO_sputbackc
635 48
+3 36
+1 24
+9 12
+3 48
-10 24
+1 12
+5 12

fn=(456)
329 18
+1 8
+5 4
-3 2
+3 4
-2 2
+2 4
+3 12

fn=(670)
863 1
+3 1
-3 9
+3 1
cfn=(672) _IO_flush_all_lockp
calls=1 686 
* 258
-80 1
+80 1
-80 2
+1 6
fi=(119)
47 2
fe=(106)
787 2
+3 1
-3 2
+3 2
fi=(120)
941 4
fe=(106)
807 2
+31 3
-48 9
+9 9
+2 6
+6 16
fi=(119)
47 4
fe=(106)
807 4
+8 10
+9 2
fi=(120)
943 4
+1 4
fe=(106)
824 8
cfi=(107)
cfn=(682)
calls=2 382 
* 164
+2 6
+4 10
+1 20
+11 10
+1 2
+35 12
-92 4
+31 4
+2 2
+1 2
-1 2
+2 6
-14 8

fn=(672)
686 8
+5 6
+1 6
fi=(119)
47 2
fe=(106)
692 2
+3 1
-8 1
+5 2
+3 2
fi=(120)
941 3
fe=(106)
699 2
+7 1
fi=(120)
943 2
+1 2
fe=(106)
706 3
cfi=(107)
cfn=(556)
calls=1 +26 
* 136
+1 3
+2 6
+2 3
-16 9
+2 3
+1 6
+3 20
+14 10
+1 3
+4 12
-29 4

fn=(406)
344 4
-1 6
+3 8
+1 2
fi=(120)
941 6
+2 4
+1 4
fe=(106)
347 4
cfi=(108)
cfn=(408)
calls=2 78 
* 75346
* 4
+3 8

fn=(400)
299 872
+1 654
+5 436
+3 654
+2 436
+6 436
+7 218
fi=(120)
941 654
+2 436
+1 436
fe=(106)
323 218
+1 218
-1 218
+1 436
-1 218
cfn=(402)
calls=218 +38 
* 109105
-23 436
+21 654

fl=(87)
fn=(330)
31 2
-1 4
+1 3
+2 3
cfi=(88) ./string/../sysdeps/x86_64/multiarch/strrchr-avx2.S
cfn=(334) __strrchr_avx2
calls=1 +10 
* 33
* 1
+4 5
+1 3
+2 4

fl=(148)
fn=(688)
27 1
+4 1
+2 2

fl=(126) ./libio/iofgets.c
fn=(498) fgets
37 66
-5 231
+7 99
+8 462
+4 33
-4 66
+4 33
+1 33
+1 66
-1 33
+1 132
-2 33
+2 33
cfi=(127) ./libio/iogetline.c
cfn=(500) _IO_getline
calls=33 -19 
* 3258
+3 33
+1 33
-1 66
fi=(120)
885 330
fe=(126)
66 231
-10 66
+4 33
+3 132
fi=(120)
884 99
fe=(126)

fl=(89)
fn=(336)
31 7
+2 4
+2 4
+1 1

fl=(111)
fn=(418)
30 1
-1 2
+1 1
fi=(112)
291 4
cfn=(422) ptmalloc_init.part.0
calls=1 -2 
* 74263
fe=(111)
32 1
+1 1
-1 1
cfi=(110)
cfn=(417)
calls=1 3031 
* 675

fl=(134)
fn=(540)
1289 466176
+31 194240
+8 116545
+4 194240
+11 116544
+11 77696
fi=(164) ./stdio-common/printf-parse.h
111 77696
fe=(134)
1354 77696
fi=(164)
111 38848
cfi=(135) ./string/../sysdeps/x86_64/multiarch/strchr-avx2.S
cfn=(544) __strchrnul_avx2
calls=38848 -66 
* 768140
* 38848
fe=(134)
1369 77696
fi=(164)
111 38848
fe=(134)
1365 38848
+4 38848
+4 38848
fi=(137) ./stdio-common/../libio/libioP.h
941 38848
+2 38848
-2 77696
+2 38848
-2 38848
+2 38848
+1 77696
fe=(134)
1373 233088
cfi=(107)
cfn=(548)
calls=38848 1198 
* 1746353
* 155392
+4 38848
-4 38848
+4 77696
+4 271936
-57 38848
+57 38848
-23 38848
-8 38848
+73 310784
-13 38848
-1 38848
+14 38848
-3 38848
-4 38848
-9 38848
+16 38848
-15 38848
+7 38848
-3 38848
+11 77696
-17 38848
-1 38848
+18 77696
-19 38848
-1 38848
+20 38848
-3 38848
-9 38848
-9 38848
+17 77696
-91 77694
1741 271936
+1 116544
+3 466176
1369 271936
+1 271936
fi=(105) ./stdio-common/../sysdeps/unix/sysv/linux/x86/lowlevellock.h
47 77696
fe=(134)
1370 155392
1741 233088
-36 38848
+2 77696
+8 38848
fi=(164)
111 77696
fe=(134)
1715 38848
fi=(164)
111 38848
fe=(134)
1715 38848
fi=(164)
111 38848
cfi=(135)
cfn=(544)
calls=38848 -66 
* 853900
* 38848
fe=(134)
1719 38848
-4 38848
+4 116544
fi=(137)
943 116544
+1 77696
fe=(134)
1719 233088
cfi=(107)
cfn=(548)
calls=38848 1198 
* 1759133
* 505024
+2 116544
-33 3969
cfi=(136)
cfn=(552)
calls=189 45 
* 3591
* 189
* 1890
fi=(137)
943 567
+1 567
fe=(134)
1688 945
cfi=(107)
cfn=(548)
calls=189 1198 
* 12715
* 2079
-1 425249
cfi=(138)
cfn=(568)
calls=38659 165 
* 966545
* 1249925
fi=(137)
943 115977
+1 77318
fe=(134)
1687 231954
cfi=(107)
cfn=(548)
calls=38659 1198 
* 2553182
* 773180
1574 567
+1 567
+69 2457
+43 463797
+1 77318
-1 360879
1579 567
+1 756
+15 1512
+3 756
+18 945
+71 386590
-43 567
+43 77318

fl=(77) ./string/../sysdeps/x86_64/multiarch/strchr.c
fn=(266) index
40 3
-2 1
+2 1
-2 2
+11 1

fl=(127)
fn=(502) _IO_getline_info
49 429
+2 66
+2 99
+2 132
+28 33
+2 165
cfi=(128)
cfn=(506)
calls=33 -42 
* 726
* 33
* 33
+1 66
-29 99
+1 66
+31 33
+1 33
-2 66
+1 33
+1 66
+2 33
+2 66
+2 165
cfi=(129)
cfn=(510)
calls=33 233 
* 354
* 33
+1 33
+1 33
-1 33
+10 264

fn=(500)
34 66
cfn=(502)
calls=33 +15 
* 3192

fl=(146) ./nptl/register-atfork.c
fn=(638) __unregister_atfork
79 4
+1 6
fi=(147) ./nptl/../sysdeps/unix/sysv/linux/x86/lowlevellock.h
-33 4
fi=(165) ./nptl/../malloc/dynarray-skeleton.c
239 2
fe=(146)
68 4
+38 8
+1 4

fl=(66) ./string/../sysdeps/x86_64/multiarch/ifunc-memcmp.h
fn=(232) bcmp
34 1
-1 2
+1 1
-2 2
+2 3
+1 2
fi=(67) ./string/../sysdeps/x86_64/multiarch/memcmp.c
-6 1
fe=(66)

fl=(70) ./string/../sysdeps/x86_64/multiarch/ifunc-memset.h
fn=(240) memset
42 10
+4 4
-1 4
+6 4
+6 4
+2 10

fl=(123) ./stdlib/../stdlib/strtol.c
fn=(472) __strtol_internal
98 18
cfi=(124) ./stdlib/../stdlib/strtol_l.c
cfn=(474) ____strtol_l_internal
calls=6 226 
* 688

fl=(132) ./string/../sysdeps/x86_64/multiarch/strcmp-avx2.S
fn=(530) __strncmp_avx2
82 67
+1 67
+1 67
+6 67
+2 67
+1 67
+2 67
+1 67
+1 67
+1 67
+1 67
+2 67
+1 67
+1 67
+1 67
+1 67
+1 67
+1 67
+1 67
+4 67
+1 67
+13 67
+1 67
+1 67
+2 67
+1 67

fl=(104) ./stdio-common/vfscanf-internal.c
fn=(396) __vfscanf_internal
278 84
+10 6
-8 6
+8 12
+1 6
fi=(122) ./stdio-common/../include/scratch_buffer.h
78 6
fe=(104)
289 6
fi=(122)
77 12
fe=(104)
339 6
fi=(122)
77 6
fe=(104)
339 24
+6 19
+3 30
+4 12
+20 6
-13 6
+13 6
-13 6
+6 6
+2 24
+5 84
fi=(105)
47 18
fe=(104)
372 18
+9 6
-4 6
+4 18
-49 6
-49 6
+1 6
+9 6
-11 6
503 12
328 6
503 6
327 6
-1 6
-1 6
-12 6
503 6
-85 12
+23 24
+1 12
-61 18
3020 24
345 10
3030 90
fi=(122)
85 18
fe=(104)
3034 12
+17 12
+6 72
206 6
+16 6
+1 12
487 30
+44 66
+80 12
+4 12
+1 6
-1 6
+1 12
+1 18
+3 12
+1 42
+6 18
+3 12
-3 6
+3 24
-3 12
+4 30
+1 54
cfi=(106)
cfn=(468)
calls=6 +3 
* 108
+4 48
-9 12
cfi=(106)
cfn=(400)
calls=6 299 
* 76243
* 18
481 6
+22 24
+21 18
+4 6
+3 12
+75 6
+1 6
+4 6
-4 6
+10 18
1397 66
+5 18
+9 12
+26 30
1732 12
fi=(122)
113 36
fe=(104)
1739 78
260 20
1796 10
260 20
+3 30
1798 40
+2 90
-68 20
+2 32
+2 24
+67 12
206 6
1810 12
214 12
1811 12
+28 36
cfi=(106)
cfn=(468)
calls=6 635 
* 108
260 24
+3 18
1843 12
1668 6
206 6
1861 12
1668 12
1860 18
+1 6
cfi=(123)
cfn=(472)
calls=6 98 
* 706
* 6
+6 18
+3 24
+6 12
-4 12
+4 12
+23 6
381 12
1389 6
-1 6
+2 6
1741 24
1434 24
1812 4
+1 4
+65 12
+2 12
+1 18
+14 60

fl=(94) ./csu/../csu/libc-start.c
fn=(352) (below main)
137 10
+4 1
-4 3
+4 3
+96 2
+1 3
cfi=(95)
cfn=(354)
calls=1 70 
* 72
+22 4
+3 2
+1 5
cob=(5) /mnt/c/Users/Pietro Ammaturo/github/WordChecker/main
cfi=(93) ???
cfn=(362) __libc_csu_init
calls=1 0 
* 50
+4 4
+15 2
+12 2
cfi=(97) ./setjmp/../sysdeps/x86_64/bsd-_setjmp.S
cfn=(374) _setjmp
calls=1 30 
* 28
+1 2
+5 2
+1 2
+3 2
+3 6
cob=(5)
cfi=(100) /mnt/c/Users/Pietro Ammaturo/github/WordChecker/main.c
cfn=(380) main
calls=1 730 
* 23202344
* 1
+34 1
cfi=(142)
cfn=(616)
calls=1 138 
* 1440

fl=(97)
fn=(374)
30 1
+2 1
cfi=(98) ./setjmp/../sysdeps/x86_64/setjmp.S
cfn=(376) __sigsetjmp
calls=1 * 
* 26

fl=(88)
fn=(334)
43 1
+1 1
+2 1
+1 1
+3 1
+1 1
+1 1
+33 1
+1 1
+1 1
+1 1
+1 1
+1 1
+1 1
+1 1
+1 1
+1 1
+3 1
+1 1
+9 1
+1 1
+99 1
+1 1
+8 1
+1 1
+1 1
+1 1
+1 1
+2 1
+1 1
+1 1
+1 1
+1 1

fl=(103) ./stdio-common/isoc99_scanf.c
fn=(394) __isoc99_scanf
25 72
+4 6
+1 12
-1 12
+1 6
-1 6
+1 6
-1 6
+1 6
-1 6
+1 6
cfi=(104)
cfn=(396)
calls=6 278 
* 79594
+4 30

fl=(81) ./wcsmbs/../sysdeps/x86_64/multiarch/ifunc-memcmp.h
fn=(290) wmemcmp
34 1
-1 2
+1 1
-2 2
+2 3
+1 2
fi=(82) ./wcsmbs/../sysdeps/x86_64/multiarch/wmemcmp.c
-6 1
fe=(81)

fl=(76) ./wcsmbs/../sysdeps/x86_64/multiarch/wcscpy.c
fn=(262) wcscpy
37 5
+6 1

fl=(135)
fn=(544)
45 77696
+2 77696
+1 77696
+1 77696
+2 77696
+1 77696
+1 77696
+4 21818
+1 21818
+1 21818
+1 21818
+1 21818
+1 21818
+1 21818
+11 55878
+1 55878
+1 55878
+1 55878
+1 55878
+1 55878
+1 55878
+2 55878
+1 55878
+1 55878
+2 55878
+1 55878
+2 55878
+7 55878
+1 55878
+87 21818
+2 21818
+7 21818
+1 21818

fl=(98)
fn=(376)
32 1
+9 1
+1 2
+1 1
+4 1
+1 1
+1 1
+1 1
+1 1
+2 2
+2 1
+1 1
+3 2
+2 1
+23 1
cfi=(99)
cfn=(378)
calls=1 -56 
* 8

fl=(112)
fn=(422)
289 5
+13 1
-8 1
+8 1
+6 3
fi=(110)
1795 4
+3 2
-3 3
+3 252
-3 378
+11 1
fe=(112)
313 2
fi=(110)
1807 1
fe=(112)
313 1
fi=(110)
1809 1
fe=(112)
313 2
cob=(1)
cfi=(101)
cfn=(389)
calls=1 72 
* 839
* 5
+1 4
cob=(1)
cfi=(8) ./elf/dl-tunables.c
cfn=(26) __tunable_get_val
calls=1 +53 
* 19
* 1
+1 4
cob=(1)
cfi=(8)
cfn=(26)
calls=1 +52 
* 18
* 1
+1 4
cob=(1)
cfi=(8)
cfn=(26)
calls=1 +51 
* 19
* 1
+1 4
cob=(1)
cfi=(8)
cfn=(26)
calls=1 +50 
* 19
* 1
+1 4
cob=(1)
cfi=(8)
cfn=(26)
calls=1 +49 
* 18
* 1
+1 4
cob=(1)
cfi=(8)
cfn=(26)
calls=1 +48 
* 19
* 1
+1 4
cob=(1)
cfi=(8)
cfn=(26)
calls=1 +47 
* 19
* 1
+2 4
cob=(1)
cfi=(8)
cfn=(26)
calls=1 +45 
* 19
* 1
+1 4
cob=(1)
cfi=(8)
cfn=(26)
calls=1 +44 
* 19
* 1
+1 4
cob=(1)
cfi=(8)
cfn=(26)
calls=1 +43 
* 19
* 1
+3 4
cob=(1)
cfi=(8)
cfn=(26)
calls=1 +40 
* 19
* 1
+69 2
+1 2
+3 1
+1 6
-98 5
cfi=(113)
cfn=(424)
calls=1 126 
* 72477
* 2
+1 4

fl=(116)
fn=(448)
46 2
+1 2
cfi=(117)
cfn=(450)
calls=2 -15 
* 66
+2 6
+3 4

fl=(145) ./stdlib/cxa_finalize.c
fn=(634) __cxa_finalize
30 16
+3 2
fi=(96)
+14 2
fe=(145)
-14 4
fi=(96)
+14 4
+4 2
fe=(145)
-15 6
+4 14
-4 6
+58 8
+4 14
-4 6
+12 4
+1 4
cfi=(146)
cfn=(638)
calls=2 -28 
* 32
+2 8
+1 16

fl=(124)
fn=(474)
226 12
+54 6
-54 24
+19 6
-19 24
+26 12
+31 24
+9 36
+2 12
+5 12
+5 6
-6 6
+7 18
+3 18
+10 12
+10 24
-82 12
434 24
310 6
450 6
+10 18
-10 6
+10 6
+12 12
-5 10
+5 10
+1 30
-41 20
+2 28
+2 30
+28 30
+3 20
+11 12
+5 18
+1 6
+5 12
325 12
492 18
-2 12
+17 30
+18 48

fl=(121)
fn=(466)
26 1308
+1 218

fl=(143)
fn=(620)
145 3
+1 4
+18 4

fl=(58) ./string/../sysdeps/x86_64/multiarch/ifunc-memmove.h
fn=(230) mempcpy
45 3
-1 2
+5 2
-1 2
+12 2
+2 5

fn=(208) memmove
45 6
-1 4
+5 4
-1 4
+12 4
+2 10

fn=(256) memcpy@@GLIBC_2.14
45 3
-1 2
+5 2
-1 2
+12 2
+2 5

fl=(139) ./libio/putchar.c
fn=(574) putchar
25 2814
+2 5628
fi=(119)
+20 938
fe=(139)
-20 469
+1 469
-1 938
+1 3283
fi=(120)
884 938
+1 4690
fe=(139)
31 3283

ob=(1)
fl=(41) ./io/../sysdeps/unix/sysv/linux/wordsize-64/fxstat.c
fn=(134) _fxstat
33 9
+1 6
+1 12
+4 3

fl=(21) ./string/../sysdeps/x86_64/strcmp.S
fn=(56) strcmp
144 158
+1 158
+2 158
+1 158
+21 158
+1 158
+1 72
+1 72
+1 52
+1 52
+1 52
+1 52
+21 52
+1 52
+1 52
+1 52
+1 52
+1 52
+1 52
+5 6
+1 6
+9 6
+1 6
+1 6
+1 6
+1 6
+1 6
+1 6
+1 6
-7 106
+1 106
+1 106
+1 106
+1 106
+1 106
+1 106
+1 106
+1 49
+1 27
+1 27
+1 27
+2 27
+1 27
+1 27
+1 27
+1 27
+1 27
-5 22
+1 22
+1 22
+1 22
+1 22
+1 22
+10 63
+1 63
+1 63
+2 63
+6 63
+1 63
+1 63
+1 63
+1 63
+5 63
+2 1
+1 1
+1 2
+8 1
+1 1
+3 1
+1 1
+1 1
+1 1
+1 1
+1 1
696 1
+1 1
+1 1
+1 1
+1 1
+2 1
+1 1
+1 1
+1 1
+1 1
+1 1
+1 1
+1 1
+4 1
+1 1
+1 1
+6 1
+1 1
+1 2
+4 1
+1 1
+3 1
+1 1
+1 1
+3 1
+1 1
+1 1
+6 1
+1 1
+1 1
+1 1
+1 1
+1 1
+72 3
+1 3
+1 3
+1 3
+1 3
+2 3
+1 3
+1 3
+1 3
+1 3
+1 3
+1 3
+1 3
+4 3
+1 3
+1 3
+6 3
+1 3
+1 6
+4 3
+1 3
+3 3
+1 3
+1 3
+3 3
+1 3
+1 3
+6 3
+1 3
+1 3
+1 3
+1 3
+1 3
1071 2
+1 2
+1 2
+1 2
+1 2
+2 2
+1 2
+1 2
+1 2
+1 2
+1 2
+1 2
+1 2
+4 2
+1 2
+1 2
+6 2
+1 2
+1 4
+4 2
+1 2
+3 2
+1 2
+1 2
+3 2
+1 2
+1 2
+6 2
+1 2
+1 2
+1 2
+1 2
+1 2
+7 1
+1 1
+2 1
+1 1
+2 1
+1 1
+1 1
+3 1
+1 1
+1 1
+6 1
+1 1
+1 1
+1 1
+1 1
+1 1
+41 2
+1 2
+1 2
+1 2
+1 2
+2 2
+1 2
+1 2
+1 2
+1 2
+1 2
+1 2
+1 2
+4 2
+1 2
+1 2
+6 2
+1 2
+1 4
+4 2
+1 2
+3 2
+1 2
+1 2
+3 2
+1 2
+1 2
+6 2
+1 2
+1 2
+1 2
+1 2
+1 2
+72 1
+1 1
+1 1
+1 1
+1 1
+2 1
+1 1
+1 1
+1 1
+1 1
+1 1
+1 1
+1 1
+4 1
+1 1
+1 1
+6 1
+1 1
+1 2
+4 1
+1 1
+3 1
+1 1
+1 1
+3 1
+1 1
+1 1
+6 1
+1 1
+1 1
+1 1
+1 1
+1 1
+72 1
+1 1
+1 1
+1 1
+1 1
+2 1
+1 1
+1 1
+1 1
+1 1
+1 1
+1 1
+1 1
+4 1
+1 1
+1 1
+6 1
+1 1
+1 2
+4 1
+1 1
+3 1
+1 1
+1 1
+3 1
+1 1
+1 1
+6 1
+1 1
+1 1
+1 1
+1 1
+1 1
+72 11
+1 11
+1 11
+1 11
+1 11
+2 11
+1 11
+1 11
+1 11
+1 11
+1 11
+1 11
+1 11
+4 11
+1 11
+1 11
+6 11
+1 11
+1 22
+4 11
+1 11
+3 11
+1 11
+1 11
+3 11
+1 11
+1 11
+6 11
+1 11
+1 11
+1 11
+1 11
+1 11
+72 1
+1 1
+1 1
+1 1
+1 1
+2 1
+1 1
+1 1
+1 1
+1 1
+1 1
+1 1
1821 23
+1 23
+1 23
+1 23
+1 23
+2 23
+1 23
+1 23
+1 23
+1 23
+1 23
+1 23
+1 6
+4 6
+1 6
+1 6
+6 6
+1 6
+1 12
+4 6
+1 6
+3 6
+1 6
+1 6
+3 6
+1 6
+1 6
+6 6
+1 6
+1 6
+1 6
+1 6
+1 6
+72 3
+1 3
+1 3
+1 3
+1 3
+2 3
+1 3
+1 3
+1 3
+1 3
+1 3
+1 3
+1 2
+4 2
+1 2
+1 2
+6 2
+1 2
+1 4
+4 2
+1 2
+3 2
+1 2
+1 2
+3 2
+1 2
+1 2
+6 2
+1 2
+1 2
+1 2
+1 2
+1 2
+72 1
+1 1
+1 1
+1 1
+1 1
+2 1
+1 1
+1 1
+1 1
+1 1
+1 1
+1 1
2200 30
+2 30
+1 30
+1 30
+1 30
-3 82
+1 82
+1 82
+1 82
+1 54
+5 27
+6 27
+1 27
+8 27
+1 27
-16 131
+6 131
+1 131
+8 131
+1 131

fl=(33) ./elf/../elf/dl-tls.c
fn=(188) _dl_determine_tlsoffset
191 7
+6 3
+3 2
+36 3
+2 1
-2 1
-2 1
-40 1
-1 1
-1 1
+46 2
+23 3
+3 1
-3 4
+2 2
+10 1
-12 1
-25 6
+2 2
+3 1
-1 1
+5 2
-5 1
+1 1
-1 1
+3 2
+2 3
+32 2
-1 1
+53 1
-52 4
+2 2
+51 8

fn=(98) _dl_count_modids
169 2
+1 1
+15 2

fn=(304) _dl_allocate_tls_init
494 8
+1 2
+4 1
+6 1
-6 1
+6 2
-4 1
+16 1
-15 2
+20 8
+9 3
+1 2
+6 3
+3 1
-2 1
+6 1
-6 1
+2 1
+4 1
-4 3
+1 1
+2 2
+4 2
+1 4
+2 2
+1 2
+12 1
-3 1
+3 2
cfi=(19) ./string/../sysdeps/x86_64/multiarch/memmove-vec-unaligned-erms.S
cfn=(76) mempcpy
calls=1 122 
* 12
* 5
cfi=(29) ./string/../sysdeps/x86_64/multiarch/memset-vec-unaligned-erms.S
cfn=(78) memset
calls=1 109 
* 33
-36 1
-6 4
+6 4
+50 2
+3 9

fn=(190) _dl_allocate_tls_storage
389 1
+13 1
-13 2
+2 1
+12 2
cfi=(18) ./elf/dl-minimal.c
cfn=(44) malloc
calls=1 49 
* 24
* 1
+1 3
+8 2
-69 1
+69 2
+1 1
+4 297
+19 1
-94 2
+1 2
cfi=(18)
cfn=(40) calloc
calls=1 92 
* 33
* 1
+1 2
+3 1
+6 2
+89 5

fn=(168) _dl_next_tls_modid
107 1
+13 1
-13 1
+36 1
+12 1
+4 1

fn=(186) _dl_tls_static_surplus_init
69 1
+4 1
-4 1
+4 1
-4 3
+4 3
cfi=(8)
cfn=(26)
calls=1 367 
* 19
* 1
+1 4
cfi=(8)
cfn=(26)
calls=1 367 
* 19
* 3
+6 1
+2 4
+5 1
-2 1
+4 3
+1 2
+1 5

fn=(302) _dl_add_to_slotinfo
944 7
+6 1
+3 1
+1 1
+4 3
+41 2
+3 4
-1 1
+1 1
+2 6

fl=(101)
fn=(388) _dl_runtime_resolve_xsave
72 9
+3 9
+2 9
+10 9
+6 9
+1 9
+1 9
+1 9
+1 9
+1 9
+1 9
+4 9
+1 9
+3 9
+1 9
+2 9
+1 9
+1 9
+1 9
+1 9
+1 9
+2 9
+7 9
+1 9
+1 9
cfi=(102) ./elf/../elf/dl-runtime.c
cfn=(390) _dl_fixup
calls=9 -60 
* 5566
+1 9
+5 9
+1 9
+1 9
+2 9
+1 9
+1 9
+1 9
+1 9
+1 9
+1 9
+2 9
+2 9
+4 9
+3 9

fn=(389)
72 2
+3 2
+2 2
+10 2
+6 2
+1 2
+1 2
+1 2
+1 2
+1 2
+1 2
+4 2
+1 2
+3 2
+1 2
+2 2
+1 2
+1 2
+1 2
+1 2
+1 2
+2 2
+7 2
+1 2
+1 2
cfi=(102)
cfn=(390)
calls=2 -60 
* 1621
+1 2
+5 2
+1 2
+1 2
+2 2
+1 2
+1 2
+1 2
+1 2
+1 2
+1 2
+2 2
+2 2
+4 2
+3 2

fl=(18)
fn=(40)
92 8
+4 8
+4 8
-1 16
+1 16
+3 8
cfn=(44)
calls=8 -54 
* 237
* 8

fn=(82) strsep
265 6
+2 4
+1 4
+4 48
+7 112
-2 56
+13 1
+4 4
-22 14
+15 14
-15 30

fn=(44)
49 88
+1 22
+11 22
-11 44
+11 44
+3 22
-3 22
+3 128
+18 22
+1 22
+2 88
-16 4
+1 2
+2 1
+1 7
cfi=(42) ./misc/../sysdeps/unix/sysv/linux/mmap64.c
cfn=(136) mmap
calls=1 -22 
* 19
* 1
+2 2
+2 2
+2 1
+4 1
-4 2
-23 1
-1 1
+1 1
+1 2
-2 2

fn=(94) free
111 12

fl=(36) ./setjmp/../sysdeps/x86_64/setjmp.S
fn=(116) __sigsetjmp
32 3
+9 3
+1 6
+1 3
+4 3
+1 3
+1 3
+1 3
+1 3
+2 6
+2 3
+1 3
+3 6
+2 3
+19 3
+1 3

fl=(30) ./string/../sysdeps/x86_64/multiarch/../strchr.S
fn=(88) index
24 6
+1 6
+1 6
+1 6
+1 6
+1 6
+1 6
+1 6
+1 6
+1 6
+1 6
+1 6
+1 6
+1 6
+1 6
+1 6
+1 6
+1 4
+4 4
+1 4
+1 4
+1 4
+2 4
+4 2
+1 2
+1 2
+1 2
+1 2
+1 2
+1 2
+1 2
+1 2
+1 2
+1 2
+1 2
+1 2
+1 2
+1 2
+1 2
+1 2
+1 2
+1 2
+1 2
+1 2
+1 2
+1 2
+1 3
+5 1
+1 1
+3 1
+1 1
+1 1
+1 1
+1 1
+1 1
+1 1
+1 1
+1 1
+1 1
+1 1
+1 1
+1 1
+1 1
+1 1
+1 1
+1 1
+1 1
+2 1
+1 1
+2 1
+1 1
+1 1
+1 1
+1 1
+1 1
+1 1
+1 1
+2 1
+1 1
+1 1
+1 1
+1 1
+1 1
+1 1
+1 1
+1 1
+1 1
+3 1
+4 1
+1 1
+1 1
+1 1
+2 1
-9 1
+4 1
+1 1
+1 1
+1 1
+2 1

fl=(6) ./elf/dl-lookup.c
fn=(200) _dl_lookup_symbol_x
841 909
582 101
841 404
582 303
-1 202
+2 101
-1 101
+1 303
-1 303
+1 1295
-1 1295
+1 3885
-1 3885
+2 101
847 101
-4 101
+8 101
-8 101
+1 202
+7 281
+5 101
+5 101
-7 101
+2 101
-2 101
+6 202
-7 606
+7 20
+29 10
-29 30
+1 1313
cfn=(202) do_lookup_x
calls=101 368 
* 34804
* 303
+28 91
-23 202
+24 546
+40 91
-40 91
+40 364
+14 273
+3 273
+5 182
+2 909
-86 60
+17 10
+1 20
+59 2

fn=(204) check_match
75 372
+3 93
-3 744
+3 186
+13 364
-13 364
+13 182
+3 294
cfi=(21)
cfn=(56)
calls=28 +50 
* 1448
* 56
+4 91
+1 182
+2 180
+19 180
+1 720
+39 91
+7 546
-18 2
+2 2
+1 1
-1 2
+1 3
-1 2
+16 12
-45 270
cfi=(21)
cfn=(56)
calls=90 +22 
* 3613
* 180
-44 8
+82 4

fn=(202)
368 707
+1 101
-1 808
+48 101
-41 101
+76 101
-35 202
-16 951
+8 317
-4 317
+1 317
+3 634
+1 951
+3 317
+1 634
+7 317
-3 634
-2 317
+5 1268
+3 2219
571 681
379 636
+3 636
+4 1278
+4 634
+4 634
+88 182
fi=(20) ./elf/../sysdeps/generic/ldsodefs.h
126 273
fe=(6)
533 182
+3 680
+16 182
+1 91
+1 182
427 376
-1 188
+2 188
+2 94
+6 376
-6 94
+6 752
+7 282
-10 925
+3 93
-1 93
+1 186
-1 93
+1 93
-1 93
+2 93
-1 93
+1 93
-1 930
cfn=(204)
calls=93 75 
* 10192
+4 279
+3 4
574 10
+1 808
-35 36
-66 6
176 21
+5 728

fn=(10) _dl_setup_hash
964 12
+2 4
+2 8
+2 4
-1 4
+3 12
+1 4
+4 4
-3 4
+7 4
-7 4
+3 4
-1 4
+3 4
+2 4
-7 4
+7 4
+5 4

fl=(37) ./elf/dl-misc.c
fn=(158) _dl_sysdep_read_whole_file
44 1
+3 1
-3 6
+3 1
-3 1
+3 1
cfi=(38) ./io/../sysdeps/unix/sysv/linux/open64_nocancel.c
cfn=(126) __open_nocancel
calls=1 -10 
* 18
+1 2
+23 7
-21 5
cfi=(41)
cfn=(134)
calls=1 -17 
* 10
* 2
+2 2
+3 2
+13 2
cfi=(45) ./io/../sysdeps/unix/sysv/linux/close_nocancel.c
cfn=(144) __GI___close_nocancel
calls=1 -42 
* 5
* 1
-11 6
cfi=(42)
cfn=(136)
calls=1 -6 
* 19
* 2

fn=(122) _dl_name_match_p
282 70
+1 28
cfi=(21)
cfn=(56)
calls=14 144 
* 336
* 14
+1 14
-1 28
+3 14
+2 28
+4 15
-4 30
+1 54
cfi=(21)
cfn=(56)
calls=18 144 
* 508
* 36
-5 3
+11 23
-1 11
+1 33

fl=(8)
fn=(26)
367 120
+9 20
-9 78
+9 3
+17 100
+2 20
-9 17
+1 17

fn=(14) __GI___tunables_init
283 8
-9 4
67 65
+6 20
-3 20
+3 1191
-6 40
358 8
77 40
+5 20
-9 20
-6 20
fi=(9) ./elf/dl-tunables.h
+52 20
fe=(8)
-37 60
fi=(9)
+38 60
-1 30
+5 10
-5 20
+1 60
fe=(8)
324 60
-12 2800
fi=(9)
119 360
fe=(8)
-52 180
fi=(9)
+52 540
+1 18
-1 234
+1 558
fe=(8)
306 2240
70 40

fl=(48) ./io/../sysdeps/unix/sysv/linux/wordsize-64/xstat.c
fn=(154) _xstat
33 24
+1 16
+1 32
+4 1
-4 28

fl=(84) ./elf/dl-init.c
fn=(316) call_init.part.0
28 32
+8 4
-8 4
+11 4
-3 8
+3 12
+5 9
+5 4
+9 12
cob=(3)
cfi=(86)
cfn=(328)
calls=1 -6 
* 95
cob=(2)
cfi=(17)
cfn=(318) 0x000000000482e000
calls=1 -58 
* 6
+3 2
+1 4
+6 2
+2 4
-2 4
+3 10
+1 8
cob=(3)
cfi=(90)
cfn=(338)
calls=1 +12 
* 11
cob=(4) /usr/lib/x86_64-linux-gnu/valgrind/vgpreload_core-amd64-linux.so
cfi=(85) ???
cfn=(322) 0x0000000000001100
calls=1 -72 
* 11
* 4
cob=(3)
cfi=(91)
cfn=(340)
calls=1 488 
* 1714
-1 9
+3 24
-29 3
-5 3

fn=(314) _dl_init
79 11
+1 1
+1 1
+3 3
+8 2
+25 1
+1 5
+1 2
-89 2
+89 6
-89 18
cfn=(316)
calls=3 -2 
* 1933
+88 12
+7 8
-95 3
cfn=(316)
calls=1 -2 
* 70
+57 2

fl=(35) ./elf/dl-error-skeleton.c
fn=(114) _dl_catch_exception
175 6
+5 3
-5 9
+5 3
-2 6
+21 3
+7 6
-7 3
+1 6
+3 6
+3 3
cfi=(36)
cfn=(116)
calls=3 32 
* 57
* 9
+2 9
cfi=(47) ./elf/dl-deps.c
cfn=(150) openaux
calls=2 61 
* 5828
cfi=(2)
cfn=(118) map_doit
calls=1 642 
* 2462
+2 3
-1 3
+1 3
-1 3
+1 6
+9 12

fn=(176) _dl_receive_error
238 5
+1 1
+1 1
+3 1
+1 1
+2 1
cfi=(2)
cfn=(178) version_check_doit
calls=1 675 
* 2638
+2 1
+1 1
+1 4

fn=(110) _dl_catch_error
225 9
+2 2
cfn=(114)
calls=1 -52 
* 2515
* 1
+1 2
+1 1
+1 1
-1 1
+1 1
+2 5

fl=(53) ./malloc/scratch_buffer_set_array_size.c
fn=(170) __libc_scratch_buffer_set_array_size
34 2
-4 2
+1 2
+3 2
-3 2
-1 2
+5 2
-5 4
+5 2
+11 2
-1 4
+18 8

fl=(55) ./elf/dl-sort-maps.c
fn=(174) _dl_sort_maps
28 24
+2 4
+4 4
+1 2
-2 2
+1 16
+1 4
cfi=(29)
cfn=(78)
calls=2 +74 
* 30
* 18
+4 4
+3 2
-3 4
+1 6
+2 2
-3 8
+3 4
-3 8
+1 12
+2 4
+12 24
+2 12
+1 8
-1 6
+1 4
+33 12
-36 24
+61 18
-31 8
-25 18
+1 12
+58 28
cfi=(29)
cfn=(78)
calls=4 -9 
* 64
* 16
-28 9
-44 12
+69 2
+7 16

fl=(10) ./elf/../sysdeps/unix/sysv/linux/dl-sysdep.c
fn=(66) _dl_discover_osversion
46 4
+2 3
+40 2
cfi=(25) ./posix/../sysdeps/unix/syscall-template.S
cfn=(68) uname
calls=1 +32 
* 5
+15 1
-15 2
+20 1
-1 1
+3 12
+4 3
-2 6
+2 11
+3 2
-1 2
+1 6
-3 8
+7 3
-1 3
+4 3
-2 3
+2 12
+8 1
+1 5

fl=(31) ./string/strdup.c
fn=(90) strdup
40 12
+1 3
cfi=(13) ./string/../sysdeps/x86_64/multiarch/../strlen.S
cfn=(28) strlen
calls=3 +38 
* 110
* 3
+1 6
cfi=(18)
cfn=(44)
calls=3 +7 
* 72
* 3
+2 6
+4 3
-1 9
+1 6
-1 3
cfi=(19)
cfn=(46) memcpy
calls=3 +88 
* 46

fl=(42)
fn=(136)
51 22
-3 44
+6 22
+5 66
+2 33
-7 8

fl=(13)
fn=(28)
79 13
+1 13
+1 13
+1 13
+1 13
+1 13
+1 13
+2 13
+2 13
+31 13
+1 13
+1 13
+1 13
+1 13
+1 7
+2 7
+4 6
+1 6
+1 6
+1 6
+1 6
+1 6
+1 6
+1 6
+1 6
+1 6
+1 6
+1 6
+5 42
+74 3
+1 3
+1 3
+1 3
+1 3
+1 3
+1 3
+1 3
+16 3
+2 3
+1 42
+2 3
+1 3
+1 3
+2 3

fl=(16) ./elf/dl-object.c
fn=(50) _dl_add_to_namespace_list
31 3
+2 3
-2 6
+2 3
-2 6
+2 3
cfi=(2)
cfn=(52)
calls=3 841 
* 6
+2 20
+3 20
+2 2
+2 2
+4 2
+4 2
+1 2
-5 4
+1 4
+1 2
+3 2
-3 2
+3 2
-1 2
cfi=(2)
cfn=(54)
calls=2 847 
* 4
-4 1
+4 1
+1 1
-5 2
+1 2
+1 1
+3 1
-3 1
+3 1
-1 1
cfi=(2)
cfn=(54)
calls=1 847 
* 2
-5 2

fn=(36) _dl_new_object
59 30
+3 3
-3 6
+3 6
+15 2
+3 6
cfi=(13)
cfn=(28)
calls=2 -1 
* 76
+4 2
-4 4
+4 2
+5 10
cfi=(18)
cfn=(40)
calls=2 +3 
* 104
* 2
* 4
cfi=(18)
cfn=(40)
calls=1 +3 
* 40
* 1
* 3
+3 6
+4 3
+5 3
-6 3
+6 3
-5 3
+5 3
-5 3
+5 3
-1 3
+1 3
-1 3
+1 3
cfi=(19)
cfn=(46)
calls=3 +34 
* 49
* 3
+15 6
-15 3
+15 3
-13 3
+13 10
+6 1
+2 7
+3 2
-3 14
+3 4
+2 3
+4 3
+3 14
fi=(20)
1222 3
fe=(16)
136 2
+2 1
-2 2
fi=(20)
1222 45
fe=(16)
136 30
+2 15
-2 30
+50 2
-34 2
-5 1
+5 1
-6 1
+6 1
-6 1
+6 6
-5 2
+5 2
-6 2
+6 2
-6 2
+6 4
+2 4
+3 4
-3 4
+7 8
+4 4
+8 2
+3 1
+10 2
-10 1
+10 1
-10 2
+10 4
-10 2
+10 2
+2 2
+21 2
-21 2
cfi=(13)
cfn=(28)
calls=2 79 
* 94
+4 2
-4 6
+17 2
-13 6
+50 6
cfi=(19)
cfn=(76)
calls=2 122 
* 40
* 2
+5 4
+1 4
-1 80
+1 80
+2 4
+3 2
+3 2
+4 27
128 6
+37 6
-15 1
+7 4
+8 4
+31 4
cfi=(18)
cfn=(44)
calls=2 49 
* 48
* 2
* 2
+1 8
64 2
+1 6
+9 1
-5 2

fl=(14) ./elf/../misc/sbrk.c
fn=(30) sbrk
32 4
+8 6
+4 2
+16 5

fl=(12) ./elf/../sysdeps/x86/cpu-features.c
fn=(24) get_common_indices.constprop.0
71 2
+4 4
+3 3
+4 2
-4 1
+4 1
-4 1
+3 1
+1 1
+1 4
+1 4
+1 3
+1 2
+7 2
+1 3
+6 1
-6 4
+6 1
+1 7
+7 3
+4 2
+2 4
225 2
+4 3
+1 2
+3 1
-1 1
+4 1
+2 1
-2 1
+5 2
+50 3
118 2
+3 4
+3 2
+8 1
-5 2
+8 2
+2 1
+2 3
+4 2
+4 2
+7 3

fl=(52) ./misc/../sysdeps/unix/syscall-template.S
fn=(166) mprotect
117 20
+5 5

fn=(310) munmap
117 4
+5 1

fl=(15) ./elf/dl-environ.c
fn=(34) _dl_next_ld_env_entry
29 3
+3 28
+13 18
-13 36
+2 40
+1 14
+5 2
-3 2
+3 2
+2 2
+7 1

fl=(19)
fn=(46)
135 15
+6 15
+1 15
+1 8
+1 8
+5 5
+1 5
+1 5
+1 5
+5 5
301 7
+1 7
+1 1
+1 1
+1 1
+1 1
+1 1
+1 1
+1 1
+2 1
+22 6
+1 6
+1 6
+1 6
+1 6
+24 3
+1 3
+1 3
+1 3
+2 3
+1 3
+1 3
+1 3
+1 3
+1 3
+1 3
+1 3
+1 3
+1 3
+1 3
+1 3
+1 3
+1 3
+1 3
+1 3
+2 3

fn=(76)
122 26
+1 26
+1 26
+17 26
+1 26
+1 4
+1 4
+5 3
+1 3
+1 3
+1 3
+5 3
301 22
+1 22
+1 8
+1 8
+1 3
+1 3
+1 1
+4 1
+22 14
+1 14
+1 14
+1 14
+1 14
+3 5
+1 5
+1 5
+1 5
+1 5
+3 2
+1 2
+1 2
+1 2
+1 2
+10 1
+1 1
+1 1
+1 1
+2 1
+1 1
+1 1
+1 1
+1 1
+1 1
+1 1
+1 1
+1 1
+1 1
+1 1
+1 1
+1 1
+1 1
+1 1
+1 1
+2 1

fl=(26) ./elf/dl-load.c
fn=(152) open_path
1779 8
+1 1
-1 6
+1 1
+6 2
+5 2
-7 1
+7 1
-8 1
+8 6
+3 3
+9 6
+7 3
-12 1
+13 1
-1 1
cfi=(19)
cfn=(76)
calls=1 122 
* 12
* 1
+47 3
+8 2
-54 58
+3 24
+4 64
cfi=(19)
cfn=(76)
calls=8 122 
* 101
* 32
cfi=(19)
cfn=(76)
calls=8 122 
* 96
+3 16
+3 24
+3 56
cfn=(124) open_verify.constprop.0
calls=8 1466 
* 424
* 8
+2 24
+2 16
+65 7
+7 2
-2 1
+2 3
+3 3
-13 1
+27 9
-84 40
+1 64
+6 16
+2 16
-2 24
+2 16
cfi=(48)
cfn=(154)
calls=8 33 
* 101
* 8
+3 8
-3 16
+1 1
+2 1
-2 1
+2 30

fn=(84) expand_dynamic_string_token
378 6
+10 2
-10 8
+10 2
cfn=(86) _dl_dst_count
calls=2 231 
* 145
+3 4
+12 2
-11 2
+11 8
-11 2
cfi=(31)
cfn=(90)
calls=2 40 
* 196

fn=(120) _dl_map_object
1927 27
+8 6
+1 12
+3 42
+5 49
+2 21
cfi=(37)
cfn=(122)
calls=7 282 
* 656
* 14
+4 12
+1 18
+3 2
+1 2
+1 2
-1 2
+1 2
cfi=(21)
cfn=(56)
calls=2 144 
* 48
* 4
2238 27
1974 2
-2 2
+2 4
-2 4
-43 2
+53 6
+36 4
-2 2
+2 2
cfi=(30)
cfn=(88)
calls=2 24 
* 46
* 4
2169 2
-1 3
cfn=(84)
calls=1 378 
* 251
+2 1
-3 1
+1 1
+2 2
+4 6
cfn=(124)
calls=1 1466 
* 232
* 1
+3 2
+12 4
+46 1
+1 3
-1 1
+1 9
cfn=(130) _dl_map_object_from_fd
calls=1 866 
* 1601
-1 1
+1 3
-1 1
+1 9
cfn=(130)
calls=1 866 
* 1910
* 6
2022 2
cfi=(13)
cfn=(28)
calls=1 79 
* 16
* 2
+2 2
+7 4
+36 12
cfn=(152)
calls=1 1779 
* 1373
+6 1
-6 1
+6 4
+88 2
+28 4
+2 4
2035 5
+8 4
-3 3
659 1
2041 1
659 3
2074 1
659 2
2055 4
+1 8
659 1
2057 1
659 2
2066 2
+1 2
+15 1
+14 2
+2 3
+4 2
cfi=(49) ./elf/dl-cache.c
cfn=(156) _dl_load_cache_lookup
calls=1 187 
* 1428
* 1
+2 2
+4 2
+8 3
+23 7
cfn=(124)
calls=1 1466 
* 243
+4 2
-4 1
+4 1
+1 2

fn=(80) fillin_rpath.isra.0
445 7
+4 1
-4 9
+6 3
cfi=(18)
cfn=(82)
calls=1 265 
* 284
* 3
cfi=(18)
cfn=(82)
calls=1 265 
* 9
* 6
+7 2
+2 3
cfn=(84)
calls=1 -82 
* 126
* 1
+4 2
+5 2
cfi=(13)
cfn=(28)
calls=1 79 
* 16
* 1
+1 2
+7 5
+9 17
+1 8
+55 2
+2 2
cob=(2)
cfi=(17)
cfn=(92) 0x0000000004001080
calls=1 0 
* 5
* 1
-39 2
+4 9
cfi=(18)
cfn=(44)
calls=1 49 
* 24
* 1
+2 3
-2 1
+2 1
+5 1
+1 3
-2 1
+2 1
cfi=(19)
cfn=(76)
calls=1 122 
* 12
+3 2
-3 1
+1 1
+2 1
+6 3
+1 1
-1 1
+1 3
+1 1
-1 3
+1 7
-1 21
+3 1
+1 1
-1 1
+1 1
+7 1
+1 2
-57 4
+23 2
+43 1
+3 8
-15 2

fn=(130)
866 22
+10 2
-10 2
+10 2
-10 4
+10 2
cfi=(32) ./elf/dl-debug.c
cfn=(96) _dl_debug_initialize
calls=2 49 
* 16
* 2
+7 8
+61 8
+10 4
+7 8
+33 4
877 2
997 14
cfi=(16)
cfn=(36)
calls=2 59 
* 838
* 2
+1 4
+11 2
+5 2
-5 2
+1 4
+1 2
+2 2
-2 2
+2 4
+1 6
+1 4
+19 2
-2 2
+2 6
+8 2
-8 2
+8 4
-8 6
+8 2
-8 2
+8 4
+90 2
-6 2
-90 2
+30 2
+23 2
+43 2
-6 2
-91 2
+31 2
+66 2
-52 2
-50 4
+13 52
+17 2
+1 1
-19 57
+1 103
1144 2
1042 2
1144 2
+1 4
1042 6
1157 6
1010 4
1170 4
+10 4
fi=(43) ./elf/./dl-map-segments.h
56 4
fe=(26)
1180 6
fi=(43)
56 2
fe=(26)
1180 6
fi=(43)
56 4
-6 2
+6 4
-6 2
+6 2
cfi=(42)
cfn=(136)
calls=2 -5 
* 38
+4 4
-4 2
+4 2
+3 4
+1 2
+2 2
-3 2
+1 2
+2 2
+14 2
+2 2
fi=(44) ./elf/./dl-load.h
+8 16
+1 6
+2 16
fi=(43)
+11 32
+8 2
-2 2
+1 2
+2 2
-1 2
+1 2
-1 2
+3 4
+5 4
+3 4
+8 16
cfi=(29)
cfn=(78)
calls=2 -22 
* 312
+1 6
+5 4
+12 8
-59 40
+2 12
+2 6
-2 12
+2 48
cfi=(42)
cfn=(136)
calls=6 -43 
* 102
* 18
fe=(26)
1043 22
+23 24
+5 56
+10 16
-1 8
+4 16
-4 8
-1 8
+2 16
+2 8
-2 8
-1 8
+1 8
+1 8
-1 8
+2 8
+1 8
+4 16
+1 30
+5 6
-1 6
+1 6
-1 6
+1 24
-15 6
+15 12
+10 6
-10 2
-1 2
+1 2
-1 2
+1 8
-15 2
+15 4
+10 2
-55 4
+5 4
+1 8
+52 3
+4 1
+1 2
-58 1
+62 5
+1 1
+3 1
-3 1
+8 4
+15 4
+1 2
fi=(40) ./elf/../sysdeps/posix/dl-fileid.h
37 8
cfi=(41)
cfn=(134)
calls=2 -4 
* 20
* 4
fe=(26)
901 4
fi=(40)
40 2
+1 2
fe=(26)
901 2
fi=(40)
40 2
fe=(26)
901 2
fi=(40)
41 2
fe=(26)
901 21
+1 10
fi=(40)
49 12
fe=(26)
1417 18
920 4
fi=(43)
73 10
cfi=(52)
cfn=(166)
calls=1 +44 
* 5
* 3
fe=(26)
1192 8
+9 6
fi=(3) ./elf/get-dynamic-info.h
42 2
+6 2
-2 2
+2 4
+15 2
+5 2
+3 2
-2 2
-2 2
-3 4
-1 40
+1 24
-16 8
+26 8
-26 53
+26 37
-26 74
+2 90
+17 70
fi=(44)
+27 4
+2 1
-1 2
+1 1
-1 1
+1 1
-1 1
+1 1
-1 2
+3 4
fi=(3)
-33 10
+3 8
+3 8
+1 4
+1 4
+8 4
+20 7
+1 8
+1 8
+1 8
+2 8
+5 8
+1 7
+1 8
+5 6
+5 4
+7 4
+1 6
+18 6
+5 2
+2 2
+2 2
+2 2
+3 6
+2 3
+1 2
+9 2
+5 2
+3 4
fe=(26)
1208 4
+2 4
+19 6
+19 4
+2 10
+48 6
+1 2
+3 2
cfi=(45)
cfn=(144)
calls=1 26 
* 5
* 2
cfi=(45)
cfn=(144)
calls=1 26 
* 5
* 4
+9 4
+2 8
+2 4
+16 4
cfi=(6)
cfn=(10)
calls=2 964 
* 46
+4 4
+1 4
+17 4
+4 2
+5 2
-5 2
+5 2
+10 4
+9 4
+1 4
+5 1
cfi=(33)
cfn=(168)
calls=1 107 
* 6
* 1
+7 3
cfi=(16)
cfn=(50)
calls=1 31 
* 45
* 3
cfi=(16)
cfn=(50)
calls=1 31 
* 41
+4 6
-44 2
fi=(43)
141 8
cfi=(42)
cfn=(136)
calls=1 -90 
* 17
+3 2
fe=(26)
1207 2

fn=(70) _dl_init_paths
681 1
+13 2
-13 8
+13 3
cfi=(27) ./elf/dl-hwcaps.c
cfn=(72) _dl_important_hwcaps
calls=1 42 
* 733
+5 1
-5 1
+5 1
cfi=(18)
cfn=(44)
calls=1 49 
* 24
* 1
-1 1
+2 2
+7 2
+1 4
-1 3
+4 4
cfi=(18)
cfn=(44)
calls=1 49 
* 24
* 1
* 2
+2 2
+7 1
+10 1
-2 2
+2 1
+3 2
+9 1
-7 1
+7 2
-3 1
-20 1
+12 1
+3 1
+8 1
-3 1
+1 16
cfi=(29)
cfn=(78)
calls=4 109 
* 48
+2 18
-14 3
+10 3
-10 3
+14 3
-12 6
+4 3
+4 3
-7 3
+3 3
+1 3
-2 3
+5 3
+1 3
-4 3
+4 3
+14 1
-11 1
+6 1
+1 1
+5 2
+2 4
+2 3
+38 5
-19 1
-2 1
+2 2
+21 3
cfi=(13)
cfn=(28)
calls=1 79 
* 16
* 8
cfi=(19)
cfn=(46)
calls=1 135 
* 10
* 1
+5 4
-1 2
+2 1
+1 1
-1 15
+1 13
-1 26
-1 56
+5 2
cfi=(18)
cfn=(44)
calls=1 49 
* 24
* 1
-1 1
+1 1
+1 2
+6 6
cfn=(80)
calls=1 445 
* 645
+3 3
+6 1
+4 8
-37 2

fn=(86)
231 4
+3 4
-3 8
+7 4
-7 8
+3 4
cfi=(30)
cfn=(88)
calls=4 24 
* 181
+3 8
+20 28

fn=(124)
1466 110
+39 10
-39 10
+39 20
+31 40
cfi=(38)
cfn=(126)
calls=10 37 
* 204
* 10
+2 20
+11 2
+6 4
-5 2
+5 16
cfi=(39) ./io/../sysdeps/unix/sysv/linux/read_nocancel.c
cfn=(128) __read_nocancel
calls=2 26 
* 10
+2 4
+2 4
+2 4
+6 4
+16 18
-65 8
1765 90
1583 14
+74 4
+5 4
+2 8
+6 4
+6 2
+1 2
-1 6
+1 6
+1 4
+20 8
1543 4
1698 96
+1 40
+1 8
+4 8
+17 2
+8 18
+15 2
+6 3
-3 1
+1 1
+3 1
-3 2
+1 1
-1 1
-1 1
+4 2
1583 3
1761 4
cob=(2)
cfi=(17)
cfn=(92)
calls=2 0 
* 10
* 2
-29 18
-1 2
+4 6
+5 1
+1 2
-36 8

fl=(144)
fn=(624)
30 8
+20 3
-3 6
+3 4
+3 2
cfi=(2)
cfn=(52)
calls=1 841 
* 2
+2 1
+3 2
+2 6
+8 1
-3 1
+8 1
-5 5
+5 1
+2 8
+2 8
+2 8
+1 4
+1 4
+4 4
-12 12
+14 6
+1 4
+6 3
cfi=(55)
cfn=(174)
calls=1 -66 
* 236
+10 2
cfi=(2)
cfn=(54)
calls=1 847 
* 2
+5 6
+2 1
+2 3
-2 3
+2 9
+3 8
+3 12
+4 4
+11 2
+1 2
-1 2
+2 2
-2 2
+2 2
-2 2
+3 10
+1 2
cob=(4)
cfi=(85)
cfn=(652) 0x00000000000010c0
calls=1 0 
* 92
cob=(5)
cfi=(93)
cfn=(626) 0x0000000000001350
calls=1 0 
* 92
-1 8
+5 6
+1 6
cob=(2)
cfi=(17)
cfn=(668) 0x000000000482e278
calls=1 0 
* 3
cob=(2)
cfi=(17)
cfn=(650) 0x000000000010aa44
calls=1 0 
* 3
+6 24
+19 4
-59 14
+11 6
-26 7
+80 6
+6 2
+7 8

fl=(11) ./elf/../sysdeps/unix/sysv/linux/x86_64/brk.c
fn=(20) brk
31 5
+2 2
+6 1
+1 1

fl=(34) ./string/../sysdeps/x86_64/strcspn.S
fn=(104) strcspn
30 1
+7 1
+1 1
+2 1
+1 1
+1 1
+1 1
+1 33
+3 2
+7 1
+1 1
+1 1
+1 1
+2 1
+1 1
+1 1
+1 1
+2 1
+1 1
+1 1
+9 3
+12 1
+2 1
+1 1
+1 1
-4 16
+2 16
+1 16
+1 16
+2 16
+1 16
+1 16
+2 16
+1 16
+1 16
+2 16
+1 16
+1 16
+6 1
+7 1
+4 1

fl=(49)
fn=(164) _dl_cache_libcmp
142 33
+4 55
-2 55
+2 55
-2 110
+20 108
+2 108
-24 44
+28 44
+1 44
-29 88
+4 2
+8 1
-2 2
+1 2
+1 2
-2 1
+2 1
+2 3
-3 1
+3 1
+2 2
cfn=(165) _dl_cache_libcmp'2
calls=1 -16 
* 6
+9 20

fn=(165)
142 3
+32 3

fn=(156)
187 9
+8 2
+3 3
+72 1
+9 1
-9 2
+11 1
-2 1
fi=(51) ./elf/../sysdeps/x86/dl-procinfo.h
39 2
+3 3
cfi=(21)
cfn=(56)
calls=1 144 
* 65
* 4
fe=(49)
285 4
cfi=(8)
cfn=(26)
calls=1 +82 
* 19
* 2
+8 2
+15 135
cfn=(164)
calls=10 142 
* 718
* 50
+31 2
-31 10
cfn=(164)
calls=1 142 
* 70
* 6
-15 2
+1 3
+14 1
-15 2
+15 32
+16 2
+4 2
+8 3
cfi=(13)
cfn=(28)
calls=1 79 
* 34
+1 1
-1 6
+1 1
cfi=(19)
cfn=(46)
calls=1 135 
* 10
* 1
+1 1
cfi=(31)
cfn=(90)
calls=1 40 
* 86
+1 8
201 4
cfi=(37)
cfn=(158)
calls=1 44 
* 94
* 1
+8 5
+1 8
fi=(50) ./elf/../sysdeps/generic/dl-cache.h
-58 1
+1 5
fe=(49)
+65 1
+1 2

fn=(308) _dl_unload_cache
349 4
-1 1
+3 2
cfi=(52)
cfn=(310)
calls=1 117 
* 5
+1 1
+2 2

fl=(47)
fn=(148) _dl_map_object_deps
159 2
+1 2
-1 2
+1 1
-1 1
+1 1
-1 1
+1 1
-1 4
+1 1
-8 1
+7 1
+1 1
-1 1
+1 1
-8 2
-6 1
+6 1
-7 1
+15 1
-16 1
+2 1
+6 1
+24 4
-28 3
-2 1
+31 1
-33 2
+2 2
+30 2
-30 1
-1 1
+1 1
+6 4
+24 2
-32 1
+60 1
-60 2
+36 1
+20 1
fi=(54) ./elf/../include/scratch_buffer.h
78 1
fe=(47)
180 1
fi=(54)
77 3
fe=(47)
198 1
+89 1
-89 1
+2 1
+9 1
+4 1
-4 1
+4 2
-4 3
+4 3
-4 3
+4 6
+11 14
-18 2
+18 2
433 8
+2 4
+3 2
-3 2
+3 4
cfi=(18)
cfn=(44)
calls=2 49 
* 48
* 2
* 2
+1 4
+6 2
+1 10
cfi=(19)
cfn=(46)
calls=2 135 
* 20
+1 12
cfi=(19)
cfn=(46)
calls=2 135 
* 20
+4 2
-1 2
+5 16
204 9
+22 2
+11 2
-5 2
-6 4
+5 2
+2 4
+1 4
+3 8
+66 2
-97 2
+97 2
-66 2
+66 6
-55 6
-2 2
+2 2
cfi=(35)
cfn=(114)
calls=2 -73 
* 5934
* 2
+1 4
+9 2
+2 4
+5 2
+6 2
+2 2
-8 4
+3 2
+1 2
+1 2
+1 2
+4 10
+4 4
+1 4
-43 200
+1 100
+6 8
cfi=(26)
cfn=(86)
calls=2 -13 
* 104
* 10
+38 144
fi=(54)
85 3
fe=(47)
464 6
+4 5
+11 4
cfi=(18)
cfn=(44)
calls=1 49 
* 24
* 1
* 1
+2 2
+5 2
+3 2
-3 4
+1 1
+2 1
+2 12
+4 12
+4 4
-10 12
+13 2
+51 3
+2 4
+35 6
cfi=(19)
cfn=(46)
calls=1 135 
* 10
+4 5
cfi=(55)
cfn=(174)
calls=1 28 
* 215
+3 1
+2 1
+1 1
-1 1
+2 2
+7 3
+3 2
+3 8
458 9
-1 4
+1 8
199 3
465 2
214 25
+3 2
fi=(54)
-86 6
cfi=(53)
cfn=(170)
calls=2 -97 
* 34
fe=(47)
+86 4
+4 4
554 2
380 6

fn=(150)
61 4
+7 2
-4 4
+1 2
-1 16
cfi=(26)
cfn=(120)
calls=2 1927 
* 5794
* 2
+5 4

fl=(29)
fn=(78)
109 65
+6 13
+1 13
+1 6
+1 6
+2 4
+1 4
+2 4
+65 2
+1 2
+10 2
+1 2
+1 2
+1 2
+1 2
+1 2
+1 2
+1 2
+1 2
+1 2
+1 2
+1 2
+1 2
+1 2
+2 40
+1 40
+1 40
+1 40
+1 40
+1 40
+1 40
+1 2
+15 7
+1 7
+1 7
+1 6
+1 6
+1 2
+1 2
+24 1
+1 1
+2 1
+3 4
+1 4
+2 4
+3 2
+1 2
+2 2

fl=(39)
fn=(128)
26 8
+1 2

fl=(1) ???
fn=(0) 0x0000000000001090
0 2
cfi=(2)
cfn=(2) _dl_start
calls=1 499 
0 105148
0 14
cfi=(84)
cfn=(314)
calls=1 79 
0 2080
0 3
cob=(5)
cfi=(93)
cfn=(350) _start
calls=1 0 
0 23204002

fl=(56) ./elf/dl-version.c
fn=(182) _dl_check_map_versions
156 28
+15 4
-15 8
+15 8
+2 12
+2 4
+1 4
-1 4
+1 4
+2 8
+3 4
-16 2
-8 2
+28 2
-4 2
+4 6
+16 2
37 2
201 2
37 2
201 2
37 10
+1 5
-1 10
+2 21
cfi=(37)
cfn=(122)
calls=7 282 
* 589
* 14
209 6
+5 2
-71 4
+71 4
-71 6
+79 2
-2 2
-2 4
+4 2
-4 12
+4 2
-2 2
-2 4
+4 2
-4 22
57 4
+8 6
-8 4
+8 6
+6 12
+16 4
+1 8
+2 4
+5 40
+14 42
+12 51
+4 17
-30 34
225 16
+3 12
+5 2
-11 2
111 4
+3 16
cfi=(21)
cfn=(56)
calls=4 +30 
* 160
* 22
237 8
+14 4
+3 6
+3 12
+3 8
+4 2
-7 8
+3 6
+4 33
-7 132
+3 101
+8 6
+89 36
165 2
+86 2
-94 2
+94 3
+23 12
cfi=(18)
cfn=(40)
calls=3 92 
* 99
* 3
-1 3
+1 3
+1 6
+13 3
-3 3
+3 6
+2 9
+3 6
+4 6
+18 2
-15 2
+2 2
-2 2
+2 2
-2 2
+2 4
-2 2
+2 2
-2 2
+2 2
-2 2
+2 4
+2 4
+1 4
-1 12
+1 4
+1 4
-2 4
+2 8
+1 12
+3 12
+8 6
+10 9
+3 8
+20 35
-14 74
-2 35
+6 35
+1 35
+1 35
-1 105
+1 35
-1 35
+1 35
+1 35
+3 113

fn=(180) _dl_check_all_versions
362 5
+4 5
-2 2
+4 24
cfn=(182)
calls=4 156 
* 2557
-2 4
+2 12
-1 4
-1 8
+5 7

fl=(25)
fn=(68)
120 4
+2 1

fl=(102)
fn=(390)
66 22
+6 22
-6 11
+3 22
+3 33
-4 11
+5 11
+2 11
-2 55
+2 11
-2 11
+2 11
+5 22
+4 22
+4 33
+4 22
+1 44
-7 44
+16 11
-1 11
+1 22
+10 110
cfi=(6)
cfn=(200)
calls=11 841 
* 6275
* 11
+4 55
+10 99
+7 11
+8 44
+4 33
fi=(5) ./elf/../sysdeps/x86_64/dl-machine.h
+97 11
fe=(102)
-93 44
fi=(130) ./elf/../sysdeps/x86_64/dl-irel.h
32 2
cob=(3)
cfi=(68)
cfn=(236)
calls=1 +9 
* 8
cob=(3)
cfi=(70)
cfn=(240)
calls=1 +10 
* 18
* 4
fe=(102)

fl=(57) ./elf/dl-reloc.c
fn=(192) _dl_relocate_object
167 40
+15 4
-15 8
+15 4
+1 20
+6 8
+6 20
-18 8
+22 8
+7 16
+40 4
fi=(5)
76 4
fe=(57)
246 8
fi=(5)
76 12
+6 6
+4 9
+14 3
-8 3
+8 6
+20 6
+11 12
fe=(57)
274 126
-96 18
fi=(4) ./elf/do-rel.h
48 3
-1 3
-1 3
+1 3
+1 3
+10 6
fe=(57)
274 1
-96 6
fi=(4)
48 1
-1 1
-1 1
+1 1
+1 1
+10 2
-10 4
-1 4
-1 4
+1 4
+1 4
+10 8
-7 3
-1 3
+11 15
fi=(5)
558 34
+4 34
+3 51
+1 17
fi=(4)
61 51
+2 228
+2 120
-4 120
+13 6
+1 5
+1 80
fi=(5)
558 40
+26 40
-1 80
-25 40
+26 80
+1 40
cob=(3)
cfi=(61)
cfn=(296)
calls=1 32 
* 5
cob=(3)
cfi=(64)
cfn=(294)
calls=1 32 
* 9
cob=(3)
cfi=(81)
cfn=(290)
calls=1 34 
* 12
cob=(3)
cfi=(59)
cfn=(286)
calls=1 36 
* 8
cob=(3)
cfi=(59)
cfn=(282)
calls=1 36 
* 8
cob=(3)
cfi=(71)
cfn=(280)
calls=1 30 
* 6
cob=(3)
cfi=(65)
cfn=(278)
calls=1 32 
* 9
cob=(3)
cfi=(64)
cfn=(276)
calls=1 32 
* 9
cob=(3)
cfi=(61)
cfn=(272)
calls=1 32 
* 5
cob=(3)
cfi=(64)
cfn=(270)
calls=1 32 
* 9
cob=(3)
cfi=(64)
cfn=(268)
calls=1 32 
* 9
cob=(3)
cfi=(77)
cfn=(266)
calls=1 40 
* 8
cob=(3)
cfi=(71)
cfn=(264)
calls=1 30 
* 6
cob=(3)
cfi=(76)
cfn=(262)
calls=1 37 
* 6
cob=(3)
cfi=(75)
cfn=(260)
calls=2 32 
* 32
cob=(3)
cfi=(74)
cfn=(258)
calls=1 40 
* 8
cob=(3)
cfi=(58)
cfn=(256)
calls=1 45 
* 16
cob=(3)
cfi=(59)
cfn=(252)
calls=1 36 
* 8
cob=(3)
cfi=(61)
cfn=(248)
calls=1 32 
* 5
cob=(3)
cfi=(71)
cfn=(246)
calls=1 30 
* 6
cob=(3)
cfi=(64)
cfn=(244)
calls=2 32 
* 18
cob=(3)
cfi=(65)
cfn=(242)
calls=2 32 
* 18
cob=(3)
cfi=(70)
cfn=(240)
calls=1 42 
* 18
cob=(3)
cfi=(69)
cfn=(238)
calls=1 41 
* 8
cob=(3)
cfi=(68)
cfn=(236)
calls=1 41 
* 8
cob=(3)
cfi=(66)
cfn=(232)
calls=1 34 
* 12
cob=(3)
cfi=(58)
cfn=(230)
calls=1 45 
* 16
cob=(3)
cfi=(65)
cfn=(228)
calls=1 32 
* 9
cob=(3)
cfi=(65)
cfn=(226)
calls=2 32 
* 18
cob=(3)
cfi=(64)
cfn=(224)
calls=1 32 
* 9
cob=(3)
cfi=(64)
cfn=(222)
calls=1 32 
* 9
cob=(3)
cfi=(59)
cfn=(218)
calls=1 36 
* 8
cob=(3)
cfi=(61)
cfn=(214)
calls=1 32 
* 5
cob=(3)
cfi=(59)
cfn=(210)
calls=1 36 
* 8
cob=(3)
cfi=(58)
cfn=(208)
calls=2 45 
* 32
fi=(4)
75 40
fi=(5)
586 40
fi=(4)
75 82
fe=(57)
274 32
+3 12
+24 4
+3 8
+17 8
196 8
fi=(4)
84 5
-1 5
+3 5
+12 5
-15 5
+3 5
+12 10
+10 6
+10 6
+3 8
+3 8
-74 3
fi=(5)
497 3
fi=(4)
51 3
fi=(5)
497 6
fi=(4)
127 420
+9 210
+1 105
-1 210
+1 105
+2 105
-2 105
+2 210
-1 210
fi=(5)
276 210
+21 210
+4 210
+7 420
fi=(20)
126 264
fi=(5)
308 1716
fi=(4)
138 84
fi=(5)
308 84
fi=(4)
138 84
fi=(5)
308 84
fi=(4)
138 84
fi=(5)
308 168
fi=(4)
138 1
fi=(5)
308 1
fi=(4)
138 1
fi=(5)
308 1
fi=(4)
138 1
fi=(5)
308 1022
cfi=(6)
cfn=(200)
calls=85 841 
* 46165
* 510
+1 264
+30 630
463 261
+1 87
fi=(4)
124 315
+19 12
fi=(5)
435 51
+4 68
+5 17
+9 17
-9 34
+9 34
+50 3
+4 6
cfi=(19)
cfn=(46)
calls=1 135 
* 10
+2 3
+1 1
fi=(4)
111 9
+1 3
fi=(5)
542 3
fi=(4)
112 3
fi=(5)
542 6
fi=(4)
112 1216
fi=(5)
542 1216
fi=(4)
112 1216
fi=(5)
542 2432
+5 2438
+1 1219
fi=(4)
111 1219
fi=(5)
548 2438
fi=(4)
111 2438
+7 9
-67 1
160 4
+2 20
+9 15
-1 30
fi=(5)
276 10
+21 10
+4 10
+7 20
fi=(20)
126 15
fi=(5)
308 165
cfi=(6)
cfn=(200)
calls=5 841 
* 2542
* 35
+1 15
+30 64
-30 150
+3 99
-3 99
+3 198
-4 23
+1 82
+3 82
-3 164
fe=(57)
-35 24
fi=(5)
+34 99
fe=(57)
+14 8
cfn=(300) _dl_protect_relro
calls=4 +7 
* 96
+1 32
fi=(5)
124 12
-2 6
fe=(57)
274 2
fi=(5)
463 15
+1 5
fi=(4)
160 15
+14 3
fi=(5)
309 1
+3 1
-3 1
+3 2
-3 1
+3 1
-3 2
fe=(57)

fn=(300)
329 4
-1 8
+1 16
+3 4
-3 4
+3 4
+4 8
+7 8
-6 12
cfi=(52)
cfn=(166)
calls=4 117 
* 20
* 8

fl=(46) ./io/../sysdeps/unix/sysv/linux/access.c
fn=(146) access
27 7
+4 1

fl=(38)
fn=(126)
37 11
-3 33
+3 66
+8 77
+2 3
-2 24
+2 8

fl=(32)
fn=(100) _dl_debug_state
74 2

fn=(96)
49 8
+5 6
+5 2
-1 1
+1 2
+1 2
-1 1
+5 1
-14 4
+4 8
+3 1
+1 5

fl=(114) ./elf/dl-open.c
fn=(432) _dl_find_dso_for_object
201 5
+4 5
+1 4
+1 12
+1 2
-2 6
+5 2
+4 7

fl=(2)
fn=(118)
642 1
+2 1
-2 1
+2 1
+1 2
-1 2
+1 3
cfi=(26)
cfn=(120)
calls=1 1927 
* 2448
* 1
+2 2

fn=(184) init_tls
735 3
+2 1
+4 1
-4 1
+4 2
+11 1
-1 3
cfi=(18)
cfn=(40)
calls=1 92 
* 33
* 1
-4 1
+15 1
-12 1
+6 1
-9 1
+11 1
+4 1
+2 3
-1 3
+3 1
+4 1
-4 4
+4 3
-4 3
+4 1
+2 1
-2 1
+4 2
-9 1
-1 2
+1 3
-1 6
+10 2
+3 2
cfi=(33)
cfn=(186)
calls=1 69 
* 73
+3 1
cfi=(33)
cfn=(188)
calls=1 191 
* 73
+7 1
cfi=(33)
cfn=(190)
calls=1 389 
* 387
* 1
+1 2
+6 1
+3 2
-3 1
+3 6
+3 1
+3 5

fn=(102) handle_preload_list
897 7
+5 5
-4 1
+10 2
+7 1
201 1
917 2
201 2
919 2
+1 4
cfn=(106) do_preload
calls=1 807 
* 2567
* 1
-18 2
+3 3
cfi=(34)
cfn=(104)
calls=1 30 
* 271
* 1
+1 3
+2 4
cfi=(19)
cfn=(46)
calls=1 135 
* 26
+1 2
+14 9

fn=(52)
841 5
+1 5

fn=(178)
675 2
+2 4
cfi=(56)
cfn=(180)
calls=1 362 
* 2628
* 2
+4 2

fn=(2)
499 9
67 3
fi=(5)
-8 1
fe=(2)
+8 1
fi=(3)
-19 1
fi=(5)
+11 2
fe=(2)
543 1
-3 1
fi=(3)
48 2
+15 1
+5 1
+3 1
+1 1
+1 1
-4 1
-2 1
-3 2
-1 20
+1 12
-16 4
+26 4
-26 9
+26 1
-26 2
+2 36
+17 13
-19 13
+26 13
-26 26
+33 2
+20 4
+1 4
+1 4
+1 4
+2 4
+5 4
+1 4
+1 4
+5 3
+5 2
+7 3
+1 3
+8 3
+3 3
+4 2
+1 2
fe=(2)
554 2
+7 1
67 1
466 1
67 3
466 1
cfi=(6)
cfn=(10)
calls=1 964 
* 23
+1 1
+18 2
-18 1
+1 2
+1 2
+1 2
+9 1
+6 1
cfi=(7) ./elf/../elf/dl-sysdep.c
cfn=(12) _dl_sysdep_start
calls=1 89 
* 104047
* 1
+2 2
+99 9
fi=(3)
65 5
+3 4
fe=(2)
559 7
fi=(4)
46 1
fe=(2)
559 3
fi=(4)
86 3
fe=(2)
559 4
fi=(4)
47 1
fe=(2)
559 3
fi=(4)
47 3
+37 1
-1 1
+28 3
+1 2
fi=(5)
547 2
fi=(4)
112 86
fi=(5)
547 86
+1 44
fi=(4)
111 44
fi=(5)
548 88
fi=(4)
111 88
+5 2
fi=(5)
427 1
fi=(4)
124 2
fi=(5)
339 18
fi=(4)
124 27
+12 9
+3 9
-3 9
fi=(5)
301 9
fi=(4)
139 9
-3 9
+1 18
fi=(5)
301 18
+8 90
+3 18
+27 45
fi=(3)
71 4
+1 2
+1 2
fi=(5)
359 18
+1 9
fe=(2)

fn=(32) dl_main
1127 1
+15 1
-15 4
2706 1
1127 6
+15 1
+4 2
+1 2
+5 2
2554 1
1127 1
2554 1
+7 1
1127 1
2561 2
1127 1
215 1
2561 1
216 1
2561 1
217 1
2561 1
-4 1
-1 2
+7 2
cfi=(15)
cfn=(34)
calls=1 29 
* 26
* 4
cfi=(15)
cfn=(34)
calls=2 29 
* 122
* 9
+4 6
-2 2
+2 6
+1 2
-1 6
+1 17
-1 89
+9 12
2725 3
+32 3
1162 4
2652 3
+1 3
-56 2
+7 2
1370 7
cfi=(16)
cfn=(36)
calls=1 59 
* 291
* 1
+2 2
+1 1
+1 1
+5 2
-5 1
+1 3
+4 1
cfi=(16)
cfn=(50)
calls=1 31 
* 32
+1 2
1136 1
1409 1
-3 1
-5 1
+8 1
-7 1
+2 1
+5 4
+56 1
1133 1
1465 2
-37 1
+22 1
+15 2
-55 99
+95 2
+1 2
+1 1
-98 21
1518 1
+3 1
+2 1
-5 2
+3 2
+2 2
+2 2
+13 3
+3 1
-2 1
+2 1
-2 2
+2 1
-2 2
cfi=(21)
cfn=(56)
calls=1 144 
* 24
* 2
+10 1
-3 1
-2 1
+3 1
+2 2
+1 2
+4 2
+2 2
fi=(3)
33 1
+9 2
+6 1
-2 1
+2 2
+15 1
+5 1
+3 1
-2 1
-2 1
-3 2
-1 24
+1 15
-16 5
+26 5
-26 11
+26 1
-26 2
+2 50
+17 19
-19 19
+26 19
-26 38
+33 3
+20 3
+1 4
+1 4
+1 4
+2 4
+5 4
+1 4
+1 4
+5 3
+5 2
+7 2
+1 3
+18 3
+14 3
+2 3
+1 2
+9 2
+5 2
+3 2
fe=(2)
1561 2
cfi=(6)
cfn=(10)
calls=1 964 
* 23
+3 2
fi=(22) ./elf/./setup-vdso.h
24 2
fi=(24) ./elf/../sysdeps/unix/sysv/linux/dl-vdso-setup.h
+21 1
fe=(2)
1589 2
cfi=(10)
cfn=(66)
calls=1 46 
* 99
* 8
1414 1
-5 1
+5 2
-5 2
+29 1
-9 1
+27 1
-27 1
+2 1
-3 1
+10 2
-19 1
-10 1
+10 2
-10 2
+56 4
-1 4
+1 8
-1 4
+2 8
+1 1
+3 2
+1 2
-1 6
+1 6
+1 4
+1 10
-64 1
+65 1
-65 2
+92 1
-92 1
+92 1
-92 2
fi=(3)
65 5
+3 4
+3 4
+1 2
+1 2
fi=(23) ./elf/../sysdeps/unix/sysv/linux/dl-vdso.h
-33 1
+1 2
fe=(2)
1594 2
cfi=(26)
cfn=(70)
calls=1 681 
* 1841
+3 3
cfi=(32)
cfn=(96)
calls=1 49 
* 17
+7 1
-7 1
+2 1
+5 1
+4 1
+3 1
-3 3
+1 2
+3 1
+5 1
-7 1
+7 1
+18 2
+1 2
+5 1
-3 2
+2 1
+1 2
+5 3
+1 5
-1 2
+9 2
+6 2
1137 1
1660 1
+25 1
cfi=(33)
cfn=(98)
calls=1 169 
* 5
* 1
+8 3
+3 2
+4 3
+5 2
+1 1
cfi=(32)
cfn=(100)
calls=1 74 
* 1
+5 3
+16 3
+2 1
+2 2
+8 2
+15 3
cfi=(46)
cfn=(146)
calls=1 27 
* 8
* 2
+76 4
67 1
1850 1
67 2
1850 1
67 1
1850 6
cfi=(47)
cfn=(148)
calls=1 159 
* 7345
74 1
1855 1
74 2
+9 2
1855 2
+1 6
-1 4
+1 6
-1 12
+4 3
+1 3
+1 1
+2 2
+1 5
-1 9
+1 6
+12 1
+1 1
-1 2
+1 2
+2 1
+2 3
+2 1
-4 1
+5 1
-1 2
+14 2
+1 2
+1 3
+11 1
+1 1
-1 1
+2 4
-2 3
+2 1
cfi=(35)
cfn=(176)
calls=1 238 
* 2654
+10 1
+1 1
-1 1
+1 1
+3 2
856 1
fi=(166) ./elf/../sysdeps/unix/sysv/linux/dl-osinfo.h
64 2
fe=(2)
858 1
fi=(166)
77 1
fe=(2)
867 1
+7 1
-5 1
1931 3
2161 3
2604 4
+2 2
+1 1
1618 6
-11 4
fi=(24)
30 5
+3 1
+3 1
+3 1
fi=(23)
+16 2
fe=(2)
1649 2
+1 2
+1 1
2230 1
-13 1
+4 1
+6 1
-10 1
+10 1
-6 1
+9 2
+54 3
+3 1
67 2
2291 1
67 2
2292 20
+2 8
+5 8
+2 8
+6 4
+2 8
+1 24
cfi=(57)
cfn=(192)
calls=3 167 
* 70573
+4 10
+1 3
cfi=(33)
cfn=(302)
calls=1 944 
* 27
* 1
-12 1
+1 1
-3 3
74 3
+1 1
2323 1
75 1
2323 1
+2 1
+3 4
+2 1
+7 3
cfi=(33)
cfn=(304)
calls=1 494 
* 131
+3 2
+9 3
+2 4
67 1
2364 1
+1 3
67 3
2365 2
cfi=(57)
cfn=(192)
calls=1 167 
* 6484
74 3
+9 2
2375 1
cfi=(7)
cfn=(306) _dl_sysdep_start_cleanup
calls=1 259 
* 1
+4 3
+21 3
cfi=(32)
cfn=(96)
calls=1 49 
* 8
+1 1
+1 1
cfi=(32)
cfn=(100)
calls=1 74 
* 1
+5 1
cfi=(49)
cfn=(308)
calls=1 349 
* 15
+5 8
1874 2
2653 2
+2 2
+1 1
1924 2
cfn=(184)
calls=1 735 
* 646
* 2
67 1
1735 1
67 2
1735 1
67 1
1735 2
cfn=(102)
calls=1 897 
* 2916
* 1
74 3
+9 3
1834 5
+1 1
-1 2
+4 3
+1 1
+1 2
+1 2
-7 2

fn=(106)
807 1
+12 1
-12 5
+10 1
-4 1
+6 2
-5 1
+5 2
-10 1
+6 1
+4 1
cfi=(35)
cfn=(110)
calls=1 225 
* 2538
* 1
+1 3
+8 3
+6 5

fn=(54)
847 5
+1 5

fl=(27)
fn=(72)
42 5
+1 1
-1 5
+1 1
-1 1
+1 1
-1 1
+1 2
-1 1
+1 1
cfi=(8)
cfn=(26)
calls=1 367 
* 19
* 1
+2 1
+1 2
-1 1
+1 1
+9 1
-12 1
+12 5
+1 1
+1 1
-1 2
+1 1
-1 1
+73 1
-72 1
+72 1
-74 12
+10 3
185 1
+5 1
-5 1
+5 5
-2 2
-2 1
+2 1
-2 1
+2 2
-2 1
+2 1
-2 1
fi=(28) ./elf/../sysdeps/x86/dl-hwcap.h
57 6
fe=(27)
188 1
+1 1
cfi=(13)
cfn=(28)
calls=1 79 
* 16
+1 1
+5 1
-5 2
-1 1
-4 1
+5 1
+5 1
+2 1
-7 1
-5 2
-37 2
+1 1
-1 6
+37 2
+8 3
+3 1
-1 1
+1 1
+4 1
+2 1
-2 3
+1 1
-1 1
+4 2
+4 2
-1 2
+4 7
+1 2
+18 11
+1 2
-1 1
+1 3
cfi=(18)
cfn=(44)
calls=1 49 
* 24
* 1
+1 4
-1 1
+1 3
+31 4
+10 3
+21 1
-21 1
+21 2
-21 1
+21 1
-28 2
+13 1
+3 1
-9 1
+10 1
-1 2
-3 1
-32 1
+36 5
-4 2
-3 1
+3 1
cfi=(19)
cfn=(76)
calls=1 122 
* 16
* 2
-3 1
+3 1
cfi=(19)
cfn=(76)
calls=1 122 
* 16
* 2
+3 2
-3 6
+3 5
+1 12
+1 2
-2 1
+2 1
cfi=(19)
cfn=(76)
calls=1 122 
* 14
* 2
-2 2
+5 6
cfi=(19)
cfn=(76)
calls=2 122 
* 28
* 4
+2 5
-7 4
+13 1
-1 1
+1 2
-1 2
+1 7
-1 7
+1 14
-1 16
+5 7
+3 2
-3 8
+3 10
+1 3
-1 3
+1 15
-1 9
+1 18
+1 24
-1 12
-1 12
+2 24
-1 24
-1 24
+4 9
+3 1
+1 1
+1 2
-2 1
+1 1
-1 1
+2 3
-1 1
+1 2
+3 2
+3 2
-6 2
+2 6
+3 1
+1 2
-6 2
+6 3
+7 8
+1 1
-1 2
+3 2
-3 3
+1 3
-1 6
+3 6
+3 4
+3 9
185 5

ob=(4)
fl=(85)
fn=(662) 0x0000000000001050
0 5

fn=(652)
0 8
cob=(2)
cfi=(17)
cfn=(658) 0x000000000482e040
calls=1 0 
0 75
0 1
cfn=(662)
calls=1 0 
0 5

ob=(1)
fl=(27)
fn=(72)
214 1
+1 3
+1 1
-1 1
+1 1
-1 2
+2 2
+4 1
+3 3

fl=(7)
fn=(12)
89 8
+25 1
-1 1
+1 70
+6 1
-3 1
+1 1
-4 1
+3 1
+3 8
-29 1
-1 2
+30 20
+1 108
+61 1
+1 1
-1 1
+1 1
-63 75
+34 1
-34 2
+35 1
-35 2
+46 1
-46 1
+47 1
-1 1
-46 3
+40 1
-40 1
+41 1
-1 1
-40 3
+37 1
-37 2
+38 1
-38 3
+13 1
-13 2
+14 1
-14 2
+10 1
-10 2
+11 1
-11 2
+7 1
-7 4
+4 1
-4 4
223 1
cfi=(8)
cfn=(14)
calls=1 +60 
* 8746
fi=(10)
36 2
cfi=(11)
cfn=(20)
calls=1 -5 
* 9
fi=(12)
322 1
-13 1
+13 1
-12 1
+1 1
+11 1
+3 6
476 3
+1 1
+3 2
+1 1
+6 1
+6 1
-5 1
+5 1
-3 1
+3 1
-4 1
+4 1
cfi=(8)
cfn=(26)
calls=1 367 
* 17
+2 4
cfi=(8)
cfn=(26)
calls=1 367 
* 19
* 1
+2 3
-2 1
+2 1
cfi=(8)
cfn=(26)
calls=1 367 
* 19
* 1
+2 3
-2 1
+2 1
cfi=(8)
cfn=(26)
calls=1 367 
* 19
* 1
+12 1
-1 1
-11 1
+12 1
fe=(7)
235 1
cfi=(13)
cfn=(28)
calls=1 79 
* 16
* 1
+2 2
cfi=(14)
cfn=(30)
calls=1 32 
* 17
* 3
+12 3
+3 5
cfi=(2)
cfn=(32)
calls=1 1127 
* 94571
+1 1
+1 8
fi=(12)
515 3
+28 1
fe=(7)
234 1
fi=(12)
534 3
+2 4
+1 2
+2 4
+1 2
331 6
cfn=(24)
calls=1 71 
* 97
49 4
+1 2
+1 6
+5 2
+1 6
+5 2
+1 6
336 1
+2 1
+7 1
+59 1
+10 1
-78 2
+89 4
-96 1
+96 2
-99 1
+12 10
+38 2
+14 1
+10 5
+14 2
+1 1
fe=(7)

fn=(306)
259 1

fl=(45)
fn=(144)
26 12

ob=(4)
fl=(85)
fn=(652)
0 3

fn=(322)
0 11

ob=(1)
fl=(45)
fn=(144)
27 3

ob=(2)
fl=(17)
fn=(414)
0 2
cob=(3)
cfi=(110)
cfn=(416)
calls=2 3031 
0 75150

fn=(650)
0 3

fn=(364) 0x0000000000109000
0 6

fn=(668)
0 3

fn=(658)
0 1
cob=(3)
cfi=(145)
cfn=(634)
calls=1 30 
0 74

fn=(318)
0 6

fn=(632) 0x00000000001090c0
0 1
cob=(3)
cfi=(145)
cfn=(634)
calls=1 30 
0 74

fn=(92)
0 3
cob=(1)
cfi=(18)
cfn=(94)
calls=3 111 
0 12

ob=(5)
fl=(93)
fn=(362)
0 14
cob=(2)
cfi=(17)
cfn=(364)
calls=1 0 
0 6
0 8
cfn=(368) 0x0000000000001390
calls=1 0 
0 11
0 11

fn=(350)
0 11
cob=(3)
cfi=(94)
cfn=(352)
calls=1 137 
0 23203991

fn=(368)
0 11

fn=(626)
0 8
cob=(2)
cfi=(17)
cfn=(632)
calls=1 0 
0 75
0 1
cfn=(644) 0x00000000000012e0
calls=1 0 
0 5
0 3

fn=(644)
0 5

fl=(100)
fn=(380)
730 1
+11 2
-11 6
+11 2
cob=(1)
cfi=(101)
cfn=(388)
calls=1 72 
* 76551
* 5
+3 6
cfn=(476) addNode
calls=1 156 
* 880
+3 1
-3 1
+3 3
cob=(3)
cfi=(110)
cfn=(416)
calls=1 3031 
* 191
* 1
+2 1
-2 2
+2 1
cob=(3)
cfi=(110)
cfn=(416)
calls=1 3031 
* 189
* 1
+2 1
-2 1
+2 1
cob=(3)
cfi=(110)
cfn=(416)
calls=1 3031 
* 189
* 1
+2 1
-2 2
+2 1
cob=(3)
cfi=(110)
cfn=(416)
calls=1 3031 
* 189
* 1
+2 1
-2 1
+2 1
cob=(3)
cfi=(110)
cfn=(416)
calls=1 3031 
* 189
* 1
* 1
+2 12
+3 5
cfn=(482) addWords
calls=1 193 
* 107664
+12 1
+5 2
-17 1
+14 3
+11 10
cob=(3)
cfi=(125)
cfn=(488)
calls=5 34 
* 1020
* 5
-19 10
+2 20
cob=(3)
cfi=(126)
cfn=(498)
calls=4 37 
* 684
cob=(1)
cfi=(101)
cfn=(388)
calls=1 72 
* 797
* 9
+4 40
+2 50
cfn=(514) startMatch
calls=5 606 
* 23013562
* 15
+20 9

fn=(476)
156 1
+2 1
-2 7
+2 1
cob=(1)
cfi=(101)
cfn=(388)
calls=1 -86 
* 849
* 5
* 1
+1 2
+2 1
+1 1
+1 1
+1 2
+2 1
+7 7

fn=(598) lowerCounters
278 531
+11 531
-11 1062
+5 26001
+6 1374
106 1374
289 1374
106 2748
+5 2286
+5 645
289 270
-11 162
+11 2640
-11 4174
+18 214
106 214
296 214
106 428
296 317
106 317
296 317
106 634
+5 933
+5 465
296 120
+1 30
113 156
296 468
+1 156
108 220
296 660
+1 220
118 161
289 322
118 161
-10 612
289 1224
108 612
+10 125
296 375
+1 125
113 547
289 1094
113 547

fn=(596) cutBranch
254 272
-2 272
+2 544
+4 9020
+8 1066
-12 1871

fn=(490) findOrAddChild
306 4800
+4 8488
+3 316
+2 325
cfn=(492) addChildBetween
calls=65 +14 
* 28312
* 1470
cfn=(492)
calls=294 +14 
* 127920
* 718
+5 359
+4 359
-4 359
+6 1795
-6 121
+4 121
-4 121
+6 605

fn=(524) findWord
137 385
+3 154
355 154
140 542
355 4865
+3 347
137 1014
+12 134
-2 10
+3 10

fn=(614) printDictionary
448 70
+4 42
+5 42
+5 933
-1 933
+3 56
-1 126
cfn=(615) printDictionary'2
calls=42 -15 
* 77808
* 42

fn=(615)
448 2395
+4 1437
+5 1437
+5 1404
-1 1404
+3 1428
-1 1311
cfn=(615)
calls=437 -15 
* 288725
* 437
+1 122
-6 488
+6 244
-6 122
cob=(3)
cfi=(133)
cfn=(538)
calls=122 28 
* 65457
* 122

fn=(594) filterDictionary
369 444
+5 222
+53 296
+1 4230
-1 4230
+3 296
-1 705
cfn=(595) filterDictionary'2
calls=235 -60 
* 349286
* 235

fn=(595)
369 11406
+5 5703
106 1901
376 1901
106 3802
+5 3210
+5 1101
+5 168
381 126
108 831
381 2493
-4 831
+4 1662
+3 4155
-3 1070
-4 1070
+4 2140
+3 5350
+10 8381
+10 5985
+5 750
-3 2625
+3 39874
-3 139559
+9 750
+8 777
cfn=(598)
calls=259 278 
* 33005
* 259
+4 777
+1 5499
-1 5499
+3 6516
-1 4998
cfn=(595)
calls=1666 -60 
* 1196603
* 1666
118 283
381 566
118 283
389 272
+1 272
-1 272
cfn=(596)
calls=272 254 
* 13045
+41 272
-40 272
+40 544
-40 272
cfn=(598)
calls=272 278 
* 24155
113 703
381 1406
113 829

fn=(602) resetFiltered
235 1561
+4 223
-4 223
+4 446
+1 2072
-1 1554
+4 446
+1 1784
-5 1484
+1 2064
-1 1919
+4 742
+1 371
-5 2095
+1 1443
-1 1862
+4 838
+1 419
-5 2568
+1 1311
-1 2167
+4 428
+1 428
-5 1167
+4 389
+1 389

fn=(482)
193 88
+7 16
cob=(3)
cfi=(125)
cfn=(488)
calls=7 34 
* 1428
cob=(1)
cfi=(101)
cfn=(388)
calls=1 72 
* 666
* 12
* 2
cob=(3)
cfi=(125)
cfn=(488)
calls=1 34 
* 204
* 1
+1 36
+3 48
+3 480
+2 96
+1 96
-3 96
+3 96
cob=(3)
cfi=(125)
cfn=(488)
calls=96 34 
* 1632
* 96
-1 384
+1 384
-3 384
+3 384
cob=(3)
cfi=(125)
cfn=(488)
calls=384 34 
* 6528
* 384
-3 1344
-21 480
-3 96
+3 96
cfn=(490)
calls=96 306 
* 19408
* 1920
-3 384
+3 384
cfn=(490)
calls=384 306 
* 156781
* 480
+2 960
-5 960
+32 192
cob=(3)
cfi=(125)
cfn=(488)
calls=96 34 
* 19584
* 96
-11 192
+16 72

fn=(514)
606 70
+7 35
+1 5
-1 5
+1 5
cob=(3)
cfi=(125)
cfn=(488)
calls=5 34 
* 1020
* 5
* 20
-1 20
+1 20
cob=(3)
cfi=(125)
cfn=(488)
calls=20 34 
* 340
* 20
* 25
-1 50
+3 10
cob=(3)
cfi=(125)
cfn=(488)
calls=5 34 
* 85
* 5
+2 20
cob=(3)
cfi=(103)
cfn=(394)
calls=5 25 
* 3924
* 5
* 5
+5 10
cob=(3)
cfi=(125)
cfn=(488)
calls=5 34 
* 85
* 5
* 10
cob=(3)
cfi=(125)
cfn=(488)
calls=5 34 
* 1020
* 5
* 10
+1 40
+3 10
+2 30
cob=(3)
cfi=(131)
cfn=(522)
calls=4 168 
* 164
cob=(1)
cfi=(101)
cfn=(388)
calls=1 72 
* 689
* 9
* 10
123 5
632 5
123 15
632 25
+3 20
+2 5
111 39
+5 2
+2 2
-2 4
638 25
-1 25
+1 25
-1 50
+1 25
106 25
638 25
106 50
+2 24
+5 22
641 5
441 5
644 5
-3 5
+4 5
441 5
641 15
+4 25
+3 14
+24 462
+2 77
+1 77
-3 77
+3 77
cob=(3)
cfi=(125)
cfn=(488)
calls=77 34 
* 1309
* 77
-1 308
+1 308
-3 308
+3 308
cob=(3)
cfi=(125)
cfn=(488)
calls=308 34 
* 5236
* 308
-3 770
+6 308
cfn=(524)
calls=77 137 
* 7615
* 154
+34 20
cob=(3)
cfi=(140)
cfn=(584)
calls=10 33 
* 1570
* 10
+4 196
+7 10
cob=(3)
cfi=(140)
cfn=(584)
calls=5 33 
* 805
* 5
+1 10
cfn=(612) validBranch
calls=5 223 
* 14769
+4 40
-10 186
cob=(3)
cfi=(125)
cfn=(488)
calls=93 34 
* 18972
* 93
-73 186
+3 186
+2 105
cob=(3)
cfi=(126)
cfn=(498)
calls=21 37 
* 3549
* 21
+3 154
+3 56
cfn=(614)
calls=14 448 
* 80052
* 14
+3 56
+2 28
cfn=(482)
calls=7 193 
* 109306
+2 21
-2 7
+2 7
cob=(3)
cfi=(126)
cfn=(498)
calls=7 37 
* 1197
* 7
+3 28
cfn=(594)
calls=7 369 
* 15939
* 7
+16 201
-1 67
+1 67
cob=(3)
cfi=(132)
cfn=(530)
calls=66 82 
* 1716
cob=(1)
cfi=(101)
cfn=(388)
calls=1 72 
* 690
* 71
* 134
+11 201
+3 67
-3 67
-4 67
+7 134
-3 2211
+3 402
cfn=(532) compareWords
calls=67 466 
* 22287107
+4 2412
239 335
+1 3807
-1 3807
+4 67
705 268
cfn=(594)
calls=67 369 
* 344005
435 201
+5 3807
-1 3807
708 268
cob=(3)
cfi=(133)
cfn=(538)
calls=67 28 
* 37858
* 67
* 67
241 223
cfn=(602)
calls=223 -6 
* 30393
* 223
435 372
+5 404
-1 864
+1 492
-5 600
+5 611
-1 906
+1 306
-5 696
+5 696
-1 813
+1 117
+1 494
cfn=(600) countFiltered
calls=247 -9 
* 7443
* 247

fn=(600)
432 1976
+3 741
+5 750
-1 750
+3 1976
-7 750
+1 500

fn=(492)
329 3231
+3 359
-3 1077
+3 359
cob=(3)
cfi=(110)
cfn=(416)
calls=359 3031 
* 70364
* 359
* 359
+2 718
+2 359
158 718
cob=(3)
cfi=(110)
cfn=(416)
calls=359 3031 
* 70364
* 359
* 359
+1 718
+2 359
+1 359
+1 359
+1 718
+2 359
337 359
+2 718
+2 67
+8 3231

fn=(532)
466 804
+3 670
111 570
+5 70
+2 70
-2 140
+7 60
472 760
+19 319
+4 638
-2 319
-24 319
+26 319
-26 638
+2 335
106 335
471 335
106 670
+2 290
472 435
+3 16
+6 16
+3 16
-3 16
-4 16
-8 16
+12 64
+3 16
+2 16
-17 568
+31 67
106 67
500 67
106 134
500 268
106 268
500 268
106 536
+5 570
+5 70
+2 70
-2 140
+10 80
503 40
-2 40
+2 630
-2 630
+2 6444
+3 3340
+3 42
+8 21
-2 21
+2 21
+2 21
+11 21
+10 63
-3 147
+3 942
-3 2198
+3 1266
-3 8862
+10 670
-49 1407
+42 134
+19 8576
+4 17152
+2 20
-9 12864
+14 335
+4 67
+3 67
-7 67
cob=(3)
cfi=(133)
cfn=(538)
calls=66 28 
* 35310
cob=(1)
cfi=(101)
cfn=(388)
calls=1 72 
* 1647
* 71
+4 268
+2 134
+1 201
-1 67
+1 268
cob=(3)
cfi=(133)
cfn=(538)
calls=67 28 
* 40432
* 67
-1 536
+1 804
-1 268
+1 1072
cob=(3)
cfi=(133)
cfn=(538)
calls=268 28 
* 161760
* 268
* 63315
-1 21105
+1 84420
cob=(3)
cfi=(133)
cfn=(538)
calls=21105 28 
* 12762973
* 21105
-1 42880
+2 335
-4 335
+4 335
cob=(3)
cfi=(139)
cfn=(574)
calls=334 25 
* 16700
cob=(1)
cfi=(101)
cfn=(388)
calls=1 72 
* 685
* 339
-4 670
+6 134
+4 67
-4 67
cob=(3)
cfi=(139)
cfn=(574)
calls=67 25 
* 3350
* 67
+1 134
cob=(3)
cfi=(140)
cfn=(584)
calls=66 33 
* 10098
cob=(1)
cfi=(101)
cfn=(388)
calls=1 72 
* 814
* 71
+1 67
+2 201
-2 67
+2 67
cob=(3)
cfi=(133)
cfn=(538)
calls=67 28 
* 34170
* 67
* 12663
-2 4221
+2 4221
cob=(3)
cfi=(133)
cfn=(538)
calls=4221 28 
* 2153006
* 4221
-2 8576
+4 268
cob=(3)
cfi=(140)
cfn=(584)
calls=67 33 
* 10761
* 67
+3 335
-2 67
+2 67
cob=(3)
cfi=(133)
cfn=(538)
calls=67 28 
* 34170
* 67
* 12663
-2 4221
+2 4221
cob=(3)
cfi=(133)
cfn=(538)
calls=4221 28 
* 2154153
* 4221
-2 8576
+4 268
cob=(3)
cfi=(140)
cfn=(584)
calls=67 33 
* 10519
* 67
+1 67
+2 335
-2 67
+2 67
cob=(3)
cfi=(133)
cfn=(538)
calls=67 28 
* 34357
* 67
* 12663
-2 4221
+2 4221
cob=(3)
cfi=(133)
cfn=(538)
calls=4221 28 
* 2152710
* 4221
-2 8576
+4 134
+3 67
-3 67
cob=(3)
cfi=(140)
cfn=(584)
calls=67 33 
* 10385
* 67
+1 67
+2 201
-2 67
+2 67
cob=(3)
cfi=(133)
cfn=(538)
calls=67 28 
* 34170
* 67
* 12663
-2 4221
+2 4221
cob=(3)
cfi=(133)
cfn=(538)
calls=4221 28 
* 2155513
* 4221
-2 8576
+7 67
-3 67
+3 402
-3 67
cob=(3)
cfi=(139)
cfn=(574)
calls=67 25 
* 3350
* 67
113 240
-5 290
+5 240
551 2384
-2 894
+2 1192
-2 3874
-19 628

fn=(612)
223 35
+4 5
-4 5
+4 15
+1 5
-1 5
+1 5
-1 10
+1 103
-1 103
+1 103
-1 314
+1 108
-1 108
+1 108
-1 216
+1 154
-1 154
+1 154
-1 308
+1 346
-1 1038
+1 395
-1 1185
+1 411
-1 1644
+3 822
-3 1217
+3 790
-3 1136
+3 692
-3 692
+3 262
-3 262
+3 524
-3 632
+3 108
-3 108
+3 216
-3 216
+3 15
+2 40

totals: 23311249
