# callgrind format
version: 1
creator: callgrind-3.16.1
pid: 3509
cmd:  ./main
part: 1


desc: I1 cache: 
desc: D1 cache: 
desc: LL cache: 

desc: Timerange: Basic block 0 - 2056542
desc: Trigger: Program termination

positions: line
events: Ir
summary: 9937718


ob=(5) /mnt/c/Users/Pietro Ammaturo/github/WordChecker/main
fl=(93) ???
fn=(362) __libc_csu_init
0 14
cob=(2) ???
cfi=(17) ???
cfn=(364) 0x0000000000109000
calls=1 0 
0 6
0 8
cfn=(368) 0x0000000000001570
calls=1 0 
0 11
0 11

fn=(350) _start
0 11
cob=(3) /lib/x86_64-linux-gnu/libc-2.31.so
cfi=(94) ./csu/../csu/libc-start.c
cfn=(352) (below main)
calls=1 137 
0 9830345

fn=(368)
0 11

fn=(620) 0x0000000000001530
0 8
cob=(2)
cfi=(17)
cfn=(626) 0x00000000001090c0
calls=1 0 
0 75
0 1
cfn=(638) 0x00000000000014c0
calls=1 0 
0 5
0 3

fn=(638)
0 5

fl=(100) /mnt/c/Users/Pietro Ammaturo/github/WordChecker/main.c
fn=(476) addNode
228 1
+3 1
-3 7
+1 1
+2 1
cob=(1) /lib/x86_64-linux-gnu/ld-2.31.so
cfi=(101) ./elf/../sysdeps/x86_64/dl-trampoline.h
cfn=(388) _dl_runtime_resolve_xsave
calls=1 72 
* 849
* 5
* 1
+1 2
+2 1
+1 1
+1 1
+1 2
+2 1
+7 7

fn=(524) characterToIndex
129 7660
-2 7660
+2 15320
+6 13911
+6 4350
+6 570
-20 100
+28 100
-18 3187
+1 3187
-1 3187
+1 6374
-7 3023
+1 3023
-1 3023
+1 6046
+17 470
+1 235
+10 235
-17 1165
+1 1165
-1 1165
+1 2330

fn=(526) findWord
162 73
+13 146
486 365
179 146
-2 292
+2 146
486 146
+3 146
177 518
+2 518
486 518
+3 7427
+3 329
175 1162
+11 10
+3 10
-1 126

fn=(608) validBranch
334 35
+1 5
+4 5
-5 5
+1 10
+4 15
+1 5
-5 10
+4 5
+1 5
-1 10
+1 208
-5 416
+4 208
+1 208
-1 629
+1 213
-5 426
+4 213
+1 213
-1 426
+1 216
-5 432
+4 216
+1 216
-1 432
+1 504
-5 1008
+4 1512
+1 590
-5 1180
+4 1770
+1 646
-5 1292
+4 2584
+3 1292
-3 1292
-4 112
+4 590
+3 1180
-3 1180
-4 172
+4 504
+3 1008
-3 1008
-4 150
+7 429
-3 429
+3 858
-3 858
-4 645
+7 213
-3 213
+3 426
-3 426
-4 416
+7 15
+2 40

fn=(482) addWords
268 14
-1 126
+8 28
cob=(3)
cfi=(125) ./libio/getc.c
cfn=(488) getc
calls=13 34 
* 2652
cob=(1)
cfi=(101)
cfn=(388)
calls=1 72 
* 684
* 18
* 2
cob=(3)
cfi=(125)
cfn=(488)
calls=1 34 
* 204
* 1
+1 60
+3 70
+3 432
+2 720
+1 720
-3 720
+3 720
cob=(3)
cfi=(125)
cfn=(488)
calls=720 34 
* 12240
* 720
-3 1440
+6 576
cfn=(490) addWord
calls=144 -40 
* 270813
+2 288
cob=(3)
cfi=(125)
cfn=(488)
calls=144 34 
* 29376
* 144
-11 288
+16 98

fn=(534) compareWords
599 756
+7 630
+3 252
cob=(3)
cfi=(131) ./string/../sysdeps/x86_64/multiarch/memset-vec-unaligned-erms.S
cfn=(522) __memset_avx2_unaligned_erms
calls=63 168 
* 1008
* 63
+2 252
cob=(3)
cfi=(131)
cfn=(522)
calls=63 168 
* 1008
* 63
-5 252
+28 285
-21 285
+21 570
cfn=(524)
calls=285 129 
* 3255
* 570
-21 570
+2 1575
+3 30
+6 30
-4 30
+4 120
-2 90
+2 1890
-2 5670
+5 60
cfn=(524)
calls=30 129 
* 319
* 60
+2 30
-16 30
+16 30
cfn=(524)
calls=30 129 
* 319
* 60
-16 564
+31 189
-5 189
+5 756
-5 756
+2 6044
+3 3150
+3 34
+21 596
-15 17
+2 34
cfn=(524)
calls=17 129 
* 177
* 34
+2 17
+13 17
-6 34
+14 17
-3 119
-11 596
+14 298
-3 2086
+3 1164
-3 8148
+10 630
-48 1260
+56 126
+16 63
-16 63
cfn=(536) updateOccurrences
calls=63 196 
* 32649
+11 378
cob=(3)
cfi=(133) ./stdio-common/printf.c
cfn=(542) printf
calls=62 28 
* 33170
cob=(1)
cfi=(101)
cfn=(388)
calls=1 72 
* 1665
* 67
+2 126
cob=(3)
cfi=(138) ./libio/ioputs.c
cfn=(576) puts
calls=62 33 
* 9486
cob=(1)
cfi=(101)
cfn=(388)
calls=1 72 
* 832
* 67
+1 63
+2 189
-2 63
+2 63
cob=(3)
cfi=(133)
cfn=(542)
calls=63 28 
* 31886
* 63
* 11907
-2 3969
+2 3969
cob=(3)
cfi=(133)
cfn=(542)
calls=3969 28 
* 2008869
* 3969
-2 8064
+4 252
cob=(3)
cfi=(138)
cfn=(576)
calls=63 33 
* 9891
* 63
+3 315
-2 63
+2 63
cob=(3)
cfi=(133)
cfn=(542)
calls=63 28 
* 31934
* 63
* 11907
-2 3969
+2 3969
cob=(3)
cfi=(133)
cfn=(542)
calls=3969 28 
* 2009856
* 3969
-2 8064
+4 252
cob=(3)
cfi=(138)
cfn=(576)
calls=63 33 
* 9891
* 63
+1 63
+2 315
-2 63
+2 63
cob=(3)
cfi=(133)
cfn=(542)
calls=63 28 
* 31878
* 63
* 11907
-2 3969
+2 3969
cob=(3)
cfi=(133)
cfn=(542)
calls=3969 28 
* 2008314
* 3969
-2 8064
+4 63
+3 63
-3 63
cob=(3)
cfi=(138)
cfn=(576)
calls=63 33 
* 10269
* 63
+1 63
+2 189
-2 63
+2 63
cob=(3)
cfi=(133)
cfn=(542)
calls=63 28 
* 32070
* 63
* 11907
-2 3969
+2 3969
cob=(3)
cfi=(133)
cfn=(542)
calls=3969 28 
* 2010829
* 3969
-2 8064
+6 1040
-39 4288
cfn=(524)
calls=1072 129 
* 12312
* 536
cfn=(524)
calls=268 129 
* 3078
* 4020
-2 2948

fn=(490)
248 1152
+1 144
+8 576
-3 144
+3 432
+3 720
-3 144
+3 144
cfn=(492) findOrAddChild
calls=144 439 
* 38147
* 2880
-3 576
+3 576
cfn=(492)
calls=576 439 
* 220282
* 720
+2 1440
-5 1440
+8 1296

fn=(492)
439 5040
+4 720
-4 2160
+4 720
-4 1440
+4 18646
+3 290
+5 693
+6 117
+2 1053
-2 603
+2 5623
+6 196
cob=(3)
cfi=(110) ./malloc/malloc.c
cfn=(416) malloc
calls=98 3031 
* 19208
* 98
* 860
cob=(3)
cfi=(110)
cfn=(416)
calls=430 3031 
* 84280
* 430
+2 1056
+2 528
231 528
-2 528
469 528
231 528
cob=(3)
cfi=(110)
cfn=(416)
calls=528 3031 
* 103488
* 528
+1 1056
-1 528
+1 528
+2 528
+1 528
+1 528
+3 528
-3 528
+1 1056
470 528
+2 1056
+2 1148

fn=(590) lowerCounters
408 1740
+4 8973
+5 37174
+1 3506
-1 12639
+6 4242
cfn=(524)
calls=2121 129 
* 24084
+2 2121
-2 4242
+2 3465
+5 896
cfn=(524)
calls=448 129 
* 5168
* 844
cfn=(524)
calls=422 129 
* 4903
* 1740
+1 870

fn=(380) main
855 1
+11 2
-11 6
+11 2
cob=(1)
cfi=(101)
cfn=(388)
calls=1 72 
* 76551
* 5
+3 6
cfn=(476)
calls=1 228 
* 881
+3 1
-3 1
+3 3
cob=(3)
cfi=(110)
cfn=(416)
calls=1 3031 
* 191
* 1
+2 1
-2 2
+2 1
cob=(3)
cfi=(110)
cfn=(416)
calls=1 3031 
* 189
* 1
+2 1
-2 1
+2 1
cob=(3)
cfi=(110)
cfn=(416)
calls=1 3031 
* 189
* 1
+2 1
-2 2
+2 1
cob=(3)
cfi=(110)
cfn=(416)
calls=1 3031 
* 189
* 1
+2 1
-2 1
+2 1
cob=(3)
cfi=(110)
cfn=(416)
calls=1 3031 
* 189
* 1
* 1
+2 12
+3 2
+4 1
-4 2
cfn=(482)
calls=1 268 
* 111011
+4 3
-4 1
+4 1
cob=(1)
cfi=(101)
cfn=(388)
calls=1 72 
* 815
* 5
+3 3
+7 2
cob=(3)
cfi=(125)
cfn=(488)
calls=1 34 
* 204
* 1
* 1
+1 4
+9 1
+2 1
+3 2
-3 1
-8 2
+19 8
cob=(3)
cfi=(125)
cfn=(488)
calls=4 34 
* 816
* 4
-19 8
+2 16
cob=(3)
cfi=(126) ./libio/iofgets.c
cfn=(498) fgets
calls=4 37 
* 684
* 4
+4 32
+2 40
cfn=(514) startMatch
calls=4 730 
* 7069610
* 12
+19 4
cob=(3)
cfi=(133)
cfn=(542)
calls=1 28 
* 664
* 1
+2 4
cob=(3)
cfi=(133)
cfn=(542)
calls=1 28 
* 692
* 1
+2 4
cob=(3)
cfi=(133)
cfn=(542)
calls=1 28 
* 679
* 1
+2 4
cob=(3)
cfi=(133)
cfn=(542)
calls=1 28 
* 664
* 1
+2 4
cob=(3)
cfi=(133)
cfn=(542)
calls=1 28 
* 664
* 1
+2 4
cob=(3)
cfi=(133)
cfn=(542)
calls=1 28 
* 629
* 1
+2 4
cob=(3)
cfi=(133)
cfn=(542)
calls=1 28 
* 699
* 1
+2 4
cob=(3)
cfi=(133)
cfn=(542)
calls=1 28 
* 650
* 1
+2 4
cob=(3)
cfi=(133)
cfn=(542)
calls=1 28 
* 679
* 1
+2 4
cob=(3)
cfi=(133)
cfn=(542)
calls=1 28 
* 650
* 1
+2 4
cob=(3)
cfi=(133)
cfn=(542)
calls=1 28 
* 629
* 1
+2 4
cob=(3)
cfi=(133)
cfn=(542)
calls=1 28 
* 684
* 1
+2 4
cob=(3)
cfi=(133)
cfn=(542)
calls=1 28 
* 687
* 1
+2 4
cob=(3)
cfi=(133)
cfn=(542)
calls=1 28 
* 676
* 1
+2 4
cob=(3)
cfi=(133)
cfn=(542)
calls=1 28 
* 680
* 1
+2 4
cob=(3)
cfi=(133)
cfn=(542)
calls=1 28 
* 685
* 1
+3 9
-71 6
+2 10
cfn=(514)
calls=1 730 
* 2556144
* 3

fn=(514)
730 50
+1 5
-1 20
+9 35
+1 5
-1 5
+1 5
cob=(3)
cfi=(125)
cfn=(488)
calls=5 34 
* 1020
* 5
* 20
-1 20
+1 20
cob=(3)
cfi=(125)
cfn=(488)
calls=20 34 
* 340
* 20
* 25
-1 50
+3 10
cob=(3)
cfi=(125)
cfn=(488)
calls=5 34 
* 85
* 5
+2 20
cob=(3)
cfi=(103) ./stdio-common/isoc99_scanf.c
cfn=(394) __isoc99_scanf
calls=5 25 
* 3878
* 5
* 5
+6 10
cob=(3)
cfi=(125)
cfn=(488)
calls=5 34 
* 85
* 5
* 10
cob=(3)
cfi=(125)
cfn=(488)
calls=5 34 
* 1020
* 5
* 10
+1 40
+2 10
+2 30
cob=(3)
cfi=(131)
cfn=(522)
calls=4 168 
* 164
cob=(1)
cfi=(101)
cfn=(388)
calls=1 72 
* 707
* 9
+3 35
+3 5
-3 175
+3 195
+2 30
+1 5
-1 5
+1 5
cfn=(524)
calls=5 129 
* 54
* 20
-1 20
+1 20
cfn=(524)
calls=20 129 
* 233
* 50
-1 50
+4 5
596 5
769 5
-2 5
+3 5
596 5
767 15
+3 25
+3 15
+24 438
+2 73
+1 73
-3 73
+3 73
cob=(3)
cfi=(125)
cfn=(488)
calls=73 34 
* 1241
* 73
-1 292
+1 292
-3 292
+3 292
cob=(3)
cfi=(125)
cfn=(488)
calls=292 34 
* 4964
* 292
-3 730
+6 292
cfn=(526)
calls=73 162 
* 12078
* 146
+34 20
cob=(3)
cfi=(138)
cfn=(576)
calls=10 33 
* 1570
* 10
+4 196
+7 10
cob=(3)
cfi=(138)
cfn=(576)
calls=5 33 
* 805
* 5
+1 10
cfn=(608)
calls=5 334 
* 29324
+4 40
-10 186
cob=(3)
cfi=(125)
cfn=(488)
calls=93 34 
* 18972
* 93
-73 186
+3 186
+2 125
cob=(3)
cfi=(126)
cfn=(498)
calls=25 37 
* 4225
* 25
+3 174
+3 48
cfn=(598) printDictionary
calls=12 569 
* 45804
* 12
+3 104
+2 52
cfn=(482)
calls=13 268 
* 212143
+2 39
-2 13
+2 13
cob=(3)
cfi=(126)
cfn=(498)
calls=13 37 
* 2223
* 13
+3 52
cfn=(588) filterDictionary
calls=13 504 
* 36012
* 13
+16 189
-1 63
+1 63
cob=(3)
cfi=(132) ./string/../sysdeps/x86_64/multiarch/strcmp-avx2.S
cfn=(532) __strncmp_avx2
calls=62 82 
* 1612
cob=(1)
cfi=(101)
cfn=(388)
calls=1 72 
* 708
* 67
* 126
+11 189
+3 63
-3 63
-4 63
+7 126
-3 2079
+3 378
cfn=(534)
calls=63 599 
* 8480036
+4 2268
348 63
+4 315
+1 7392
-1 7392
+4 63
830 252
cfn=(588)
calls=63 504 
* 616538
590 189
+5 7392
-1 7392
833 252
cob=(3)
cfi=(133)
cfn=(542)
calls=63 28 
* 35492
* 63
* 63
354 373
cfn=(596) resetFiltered
calls=373 -7 
* 48231
* 373
590 549
+5 595
-1 1299
+1 750
-5 900
+5 909
-1 1110
+1 210
-5 1029
+5 1029
-1 1191
+1 162
+1 758
cfn=(594) countFiltered
calls=379 -9 
* 11794
* 379

fn=(596)
347 2611
+5 373
-4 373
-1 373
+5 746
+1 3136
-1 2352
+4 746
+1 2984
-5 568
-4 568
+4 1704
+1 2692
-1 2587
+4 1136
+1 568
-5 598
-4 598
+4 2392
+1 2058
-1 2656
+4 1196
+1 598
-5 634
-4 634
+4 3170
+1 2103
-1 3371
+4 634
+1 634
-5 573
-4 573
+4 1146
+4 573
+1 573

fn=(598)
569 60
+4 36
+5 36
+5 1374
-1 1374
+3 48
-1 96
cfn=(599) printDictionary'2
calls=32 -15 
* 42748
* 32

fn=(599)
569 1350
+4 810
+5 810
+5 783
-1 783
+3 812
-1 714
cfn=(599)
calls=238 -15 
* 157914
* 238
+1 67
-6 268
+6 134
-6 67
cob=(3)
cfi=(133)
cfn=(542)
calls=67 28 
* 35845
* 67

fn=(588)
504 456
+5 228
+55 304
+1 8763
-1 8763
+3 304
-1 1194
cfn=(589) filterDictionary'2
calls=398 -62 
* 632140
* 398

fn=(589)
504 17652
+5 8826
+55 1254
+1 8139
-1 8139
+3 9960
-1 7632
cfn=(589)
calls=2544 -62 
* 2178544
* 2544
-55 2942
cfn=(524)
calls=2942 129 
* 33584
+1 2942
+5 14710
+3 14710
+10 10386
+10 9146
+6 1172
-4 4688
+4 63662
-4 255234
+10 1172
+8 1254
cfn=(590)
calls=418 408 
* 65350
* 418
-35 904
cfn=(592) cutBranch
calls=452 382 
* 31751
+42 452
-41 452
+41 452
-41 452
+41 452
-41 452
cfn=(590)
calls=452 408 
* 51257

fn=(592)
382 452
+4 452
+2 2260
+4 18175
+1 1323
-1 2646
+8 1682
-12 3857
+17 904

fn=(536)
196 63
-2 126
+6 8064
+14 12096
+2 15
-20 12096
+2 126
+24 63

fn=(594)
587 3032
+3 1137
+5 1269
-1 1269
+3 3032
-7 1233
+1 822

ob=(1)
fl=(49) ./elf/dl-cache.c
fn=(164) _dl_cache_libcmp
142 33
+4 55
-2 55
+2 55
-2 110
+20 108
+2 108
-24 44
+28 44
+1 44
-29 88
+4 2
+8 1
-2 2
+1 2
+1 2
-2 1
+2 1
+2 3
-3 1
+3 1
+2 2
cfn=(165) _dl_cache_libcmp'2
calls=1 -16 
* 6
+9 20

fn=(165)
142 3
+32 3

fn=(156) _dl_load_cache_lookup
187 9
+8 2
+3 3
+72 1
+9 1
-9 2
+11 1
-2 1
fi=(51) ./elf/../sysdeps/x86/dl-procinfo.h
39 2
+3 3
cfi=(21) ./string/../sysdeps/x86_64/strcmp.S
cfn=(56) strcmp
calls=1 144 
* 65
* 4
fe=(49)
285 4
cfi=(8) ./elf/dl-tunables.c
cfn=(26) __tunable_get_val
calls=1 +82 
* 19
* 2
+8 2
+15 135
cfn=(164)
calls=10 142 
* 718
* 50
+31 2
-31 10
cfn=(164)
calls=1 142 
* 70
* 6
-15 2
+1 3
+14 1
-15 2
+15 32
+16 2
+4 2
+8 3
cfi=(13) ./string/../sysdeps/x86_64/multiarch/../strlen.S
cfn=(28) strlen
calls=1 79 
* 34
+1 1
-1 6
+1 1
cfi=(19) ./string/../sysdeps/x86_64/multiarch/memmove-vec-unaligned-erms.S
cfn=(46) memcpy
calls=1 135 
* 10
* 1
+1 1
cfi=(31) ./string/strdup.c
cfn=(90) strdup
calls=1 40 
* 86
+1 8
201 4
cfi=(37) ./elf/dl-misc.c
cfn=(158) _dl_sysdep_read_whole_file
calls=1 44 
* 94
* 1
+8 5
+1 8
fi=(50) ./elf/../sysdeps/generic/dl-cache.h
-58 1
+1 5
fe=(49)
+65 1
+1 2

fn=(308) _dl_unload_cache
349 4
-1 1
+3 2
cfi=(52) ./misc/../sysdeps/unix/syscall-template.S
cfn=(310) munmap
calls=1 117 
* 5
+1 1
+2 2

fl=(47) ./elf/dl-deps.c
fn=(148) _dl_map_object_deps
159 2
+1 2
-1 2
+1 1
-1 1
+1 1
-1 1
+1 1
-1 4
+1 1
-8 1
+7 1
+1 1
-1 1
+1 1
-8 2
-6 1
+6 1
-7 1
+15 1
-16 1
+2 1
+6 1
+24 4
-28 3
-2 1
+31 1
-33 2
+2 2
+30 2
-30 1
-1 1
+1 1
+6 4
+24 2
-32 1
+60 1
-60 2
+36 1
+20 1
fi=(54) ./elf/../include/scratch_buffer.h
78 1
fe=(47)
180 1
fi=(54)
77 3
fe=(47)
198 1
+89 1
-89 1
+2 1
+9 1
+4 1
-4 1
+4 2
-4 3
+4 3
-4 3
+4 6
+11 14
-18 2
+18 2
433 8
+2 4
+3 2
-3 2
+3 4
cfi=(18) ./elf/dl-minimal.c
cfn=(44) malloc
calls=2 49 
* 48
* 2
* 2
+1 4
+6 2
+1 10
cfi=(19)
cfn=(46)
calls=2 135 
* 20
+1 12
cfi=(19)
cfn=(46)
calls=2 135 
* 20
+4 2
-1 2
+5 16
204 9
+22 2
+11 2
-5 2
-6 4
+5 2
+2 4
+1 4
+3 8
+66 2
-97 2
+97 2
-66 2
+66 6
-55 6
-2 2
+2 2
cfi=(35) ./elf/dl-error-skeleton.c
cfn=(114) _dl_catch_exception
calls=2 -73 
* 5934
* 2
+1 4
+9 2
+2 4
+5 2
+6 2
+2 2
-8 4
+3 2
+1 2
+1 2
+1 2
+4 10
+4 4
+1 4
-43 200
+1 100
+6 8
cfi=(26) ./elf/dl-load.c
cfn=(86) _dl_dst_count
calls=2 -13 
* 104
* 10
+38 144
fi=(54)
85 3
fe=(47)
464 6
+4 5
+11 4
cfi=(18)
cfn=(44)
calls=1 49 
* 24
* 1
* 1
+2 2
+5 2
+3 2
-3 4
+1 1
+2 1
+2 12
+4 12
+4 4
-10 12
+13 2
+51 3
+2 4
+35 6
cfi=(19)
cfn=(46)
calls=1 135 
* 10
+4 5
cfi=(55) ./elf/dl-sort-maps.c
cfn=(174) _dl_sort_maps
calls=1 28 
* 215
+3 1
+2 1
+1 1
-1 1
+2 2
+7 3
+3 2
+3 8
458 9
-1 4
+1 8
199 3
465 2
214 25
+3 2
fi=(54)
-86 6
cfi=(53) ./malloc/scratch_buffer_set_array_size.c
cfn=(170) __libc_scratch_buffer_set_array_size
calls=2 -97 
* 34
fe=(47)
+86 4
+4 4
554 2
380 6

fn=(150) openaux
61 4
+7 2
-4 4
+1 2
-1 16
cfi=(26)
cfn=(120) _dl_map_object
calls=2 1927 
* 5794
* 2
+5 4

fl=(29) ./string/../sysdeps/x86_64/multiarch/memset-vec-unaligned-erms.S
fn=(78) memset
109 65
+6 13
+1 13
+1 6
+1 6
+2 4
+1 4
+2 4
+65 2
+1 2
+10 2
+1 2
+1 2
+1 2
+1 2
+1 2
+1 2
+1 2
+1 2
+1 2
+1 2
+1 2
+1 2
+1 2
+2 40
+1 40
+1 40
+1 40
+1 40
+1 40
+1 40
+1 2
+15 7
+1 7
+1 7
+1 6
+1 6
+1 2
+1 2
+24 1
+1 1
+2 1
+3 4
+1 4
+2 4
+3 2
+1 2
+2 2

fl=(57) ./elf/dl-reloc.c
fn=(300) _dl_protect_relro
329 4
-1 8
+1 16
+3 4
-3 4
+3 4
+4 8
+7 8
-6 12
cfi=(52)
cfn=(166) mprotect
calls=4 117 
* 20
* 8

fn=(192) _dl_relocate_object
167 40
+15 4
-15 8
+15 4
+1 20
+6 8
+6 20
-18 8
+22 8
+7 16
+40 4
fi=(5) ./elf/../sysdeps/x86_64/dl-machine.h
76 4
fe=(57)
246 8
fi=(5)
76 12
+6 6
+4 9
+14 3
-8 3
+8 6
+20 6
+11 12
fe=(57)
274 126
-96 18
fi=(4) ./elf/do-rel.h
48 3
-1 3
-1 3
+1 3
+1 3
+10 6
fe=(57)
274 1
-96 6
fi=(4)
48 1
-1 1
-1 1
+1 1
+1 1
+10 2
-10 4
-1 4
-1 4
+1 4
+1 4
+10 8
-7 3
-1 3
+11 15
fi=(5)
558 34
+4 34
+3 51
+1 17
fi=(4)
61 51
+2 228
+2 120
-4 120
+13 6
+1 5
+1 80
fi=(5)
558 40
+26 40
-1 80
-25 40
+26 80
+1 40
cob=(3)
cfi=(61) ./string/../sysdeps/x86_64/multiarch/ifunc-strcasecmp.h
cfn=(296) strncasecmp_l
calls=1 32 
* 5
cob=(3)
cfi=(64) ./string/../sysdeps/x86_64/multiarch/ifunc-avx2.h
cfn=(294) strchrnul
calls=1 32 
* 9
cob=(3)
cfi=(81) ./wcsmbs/../sysdeps/x86_64/multiarch/ifunc-memcmp.h
cfn=(290) wmemcmp
calls=1 34 
* 12
cob=(3)
cfi=(59) ./string/../sysdeps/x86_64/multiarch/ifunc-strcpy.h
cfn=(286) stpcpy
calls=1 36 
* 8
cob=(3)
cfi=(59)
cfn=(282) stpncpy
calls=1 36 
* 8
cob=(3)
cfi=(71) ./string/../sysdeps/x86_64/multiarch/ifunc-sse4_2.h
cfn=(280) strspn
calls=1 30 
* 6
cob=(3)
cfi=(65) ./wcsmbs/../sysdeps/x86_64/multiarch/ifunc-avx2.h
cfn=(278) wcslen
calls=1 32 
* 9
cob=(3)
cfi=(64)
cfn=(276) memchr
calls=1 32 
* 9
cob=(3)
cfi=(61)
cfn=(272) strcasecmp_l
calls=1 32 
* 5
cob=(3)
cfi=(64)
cfn=(270) memrchr
calls=1 32 
* 9
cob=(3)
cfi=(64)
cfn=(268) strlen
calls=1 32 
* 9
cob=(3)
cfi=(77) ./string/../sysdeps/x86_64/multiarch/strchr.c
cfn=(266) index
calls=1 40 
* 8
cob=(3)
cfi=(71)
cfn=(264) strpbrk
calls=1 30 
* 6
cob=(3)
cfi=(76) ./wcsmbs/../sysdeps/x86_64/multiarch/wcscpy.c
cfn=(262) wcscpy
calls=1 37 
* 6
cob=(3)
cfi=(75) ./wcsmbs/../sysdeps/x86_64/multiarch/ifunc-wmemset.h
cfn=(260) wmemset
calls=2 32 
* 32
cob=(3)
cfi=(74) ./wcsmbs/../sysdeps/x86_64/multiarch/wcsnlen.c
cfn=(258) wcsnlen
calls=1 40 
* 8
cob=(3)
cfi=(58) ./string/../sysdeps/x86_64/multiarch/ifunc-memmove.h
cfn=(256) memcpy@@GLIBC_2.14
calls=1 45 
* 16
cob=(3)
cfi=(59)
cfn=(252) strcpy
calls=1 36 
* 8
cob=(3)
cfi=(61)
cfn=(248) strncasecmp
calls=1 32 
* 5
cob=(3)
cfi=(71)
cfn=(246) strcspn
calls=1 30 
* 6
cob=(3)
cfi=(64)
cfn=(244) strnlen
calls=2 32 
* 18
cob=(3)
cfi=(65)
cfn=(242) wcschr
calls=2 32 
* 18
cob=(3)
cfi=(70) ./string/../sysdeps/x86_64/multiarch/ifunc-memset.h
cfn=(240) memset
calls=1 42 
* 18
cob=(3)
cfi=(69) ./string/../sysdeps/x86_64/multiarch/strcmp.c
cfn=(238) strcmp
calls=1 41 
* 8
cob=(3)
cfi=(68) ./string/../sysdeps/x86_64/multiarch/strncmp.c
cfn=(236) strncmp
calls=1 41 
* 8
cob=(3)
cfi=(66) ./string/../sysdeps/x86_64/multiarch/ifunc-memcmp.h
cfn=(232) bcmp
calls=1 34 
* 12
cob=(3)
cfi=(58)
cfn=(230) mempcpy
calls=1 45 
* 16
cob=(3)
cfi=(65)
cfn=(228) wcscmp
calls=1 32 
* 9
cob=(3)
cfi=(65)
cfn=(226) wmemchr
calls=2 32 
* 18
cob=(3)
cfi=(64)
cfn=(224) rawmemchr
calls=1 32 
* 9
cob=(3)
cfi=(64)
cfn=(222) rindex
calls=1 32 
* 9
cob=(3)
cfi=(59)
cfn=(218) strcat
calls=1 36 
* 8
cob=(3)
cfi=(61)
cfn=(214) strcasecmp
calls=1 32 
* 5
cob=(3)
cfi=(59)
cfn=(210) strncpy
calls=1 36 
* 8
cob=(3)
cfi=(58)
cfn=(208) memmove
calls=2 45 
* 32
fi=(4)
75 40
fi=(5)
586 40
fi=(4)
75 82
fe=(57)
274 32
+3 12
+24 4
+3 8
+17 8
196 8
fi=(4)
84 5
-1 5
+3 5
+12 5
-15 5
+3 5
+12 10
+10 6
+10 6
+3 8
+3 8
-74 3
fi=(5)
497 3
fi=(4)
51 3
fi=(5)
497 6
fi=(4)
127 420
+9 210
+1 105
-1 210
+1 105
+2 105
-2 105
+2 210
-1 210
fi=(5)
276 210
+21 210
+4 210
+7 420
fi=(20) ./elf/../sysdeps/generic/ldsodefs.h
126 264
fi=(5)
308 1716
fi=(4)
138 84
fi=(5)
308 84
fi=(4)
138 84
fi=(5)
308 84
fi=(4)
138 84
fi=(5)
308 168
fi=(4)
138 1
fi=(5)
308 1
fi=(4)
138 1
fi=(5)
308 1
fi=(4)
138 1
fi=(5)
308 1022
cfi=(6) ./elf/dl-lookup.c
cfn=(200) _dl_lookup_symbol_x
calls=85 841 
* 46252
* 510
+1 264
+30 630
463 261
+1 87
fi=(4)
124 315
+19 12
fi=(5)
435 51
+4 68
+5 17
+9 17
-9 34
+9 34
+50 3
+4 6
cfi=(19)
cfn=(46)
calls=1 135 
* 10
+2 3
+1 1
fi=(4)
111 9
+1 3
fi=(5)
542 3
fi=(4)
112 3
fi=(5)
542 6
fi=(4)
112 1216
fi=(5)
542 1216
fi=(4)
112 1216
fi=(5)
542 2432
+5 2438
+1 1219
fi=(4)
111 1219
fi=(5)
548 2438
fi=(4)
111 2438
+7 9
-67 1
160 4
+2 20
+9 15
-1 30
fi=(5)
276 10
+21 10
+4 10
+7 20
fi=(20)
126 15
fi=(5)
308 165
cfi=(6)
cfn=(200)
calls=5 841 
* 2542
* 35
+1 15
+30 64
-30 150
+3 99
-3 99
+3 198
-4 23
+1 82
+3 82
-3 164
fe=(57)
-35 24
fi=(5)
+34 99
fe=(57)
+14 8
cfn=(300)
calls=4 +7 
* 96
+1 32
fi=(5)
124 12
-2 6
fe=(57)
274 2
fi=(5)
463 15
+1 5
fi=(4)
160 15
+14 3
fi=(5)
309 1
+3 1
-3 1
+3 2
-3 1
+3 1
-3 2
fe=(57)

fl=(39) ./io/../sysdeps/unix/sysv/linux/read_nocancel.c
fn=(128) __read_nocancel
26 8
+1 2

fl=(1) ???
fn=(0) 0x0000000000001090
0 2
cfi=(2) ./elf/rtld.c
cfn=(2) _dl_start
calls=1 499 
0 105263
0 14
cfi=(84) ./elf/dl-init.c
cfn=(314) _dl_init
calls=1 79 
0 2080
0 3
cob=(5)
cfi=(93)
cfn=(350)
calls=1 0 
0 9830356

fl=(56) ./elf/dl-version.c
fn=(182) _dl_check_map_versions
156 28
+15 4
-15 8
+15 8
+2 12
+2 4
+1 4
-1 4
+1 4
+2 8
+3 4
-16 2
-8 2
+28 2
-4 2
+4 6
+16 2
37 2
201 2
37 2
201 2
37 10
+1 5
-1 10
+2 21
cfi=(37)
cfn=(122) _dl_name_match_p
calls=7 282 
* 589
* 14
209 6
+5 2
-71 4
+71 4
-71 6
+79 2
-2 2
-2 4
+4 2
-4 12
+4 2
-2 2
-2 4
+4 2
-4 22
57 4
+8 6
-8 4
+8 6
+6 12
+16 4
+1 8
+2 4
+5 40
+14 42
+12 51
+4 17
-30 34
225 16
+3 12
+5 2
-11 2
111 4
+3 16
cfi=(21)
cfn=(56)
calls=4 +30 
* 188
* 22
237 8
+14 4
+3 6
+3 12
+3 8
+4 2
-7 8
+3 6
+4 33
-7 132
+3 101
+8 6
+89 36
165 2
+86 2
-94 2
+94 3
+23 12
cfi=(18)
cfn=(40) calloc
calls=3 92 
* 99
* 3
-1 3
+1 3
+1 6
+13 3
-3 3
+3 6
+2 9
+3 6
+4 6
+18 2
-15 2
+2 2
-2 2
+2 2
-2 2
+2 4
-2 2
+2 2
-2 2
+2 2
-2 2
+2 4
+2 4
+1 4
-1 12
+1 4
+1 4
-2 4
+2 8
+1 12
+3 12
+8 6
+10 9
+3 8
+20 35
-14 74
-2 35
+6 35
+1 35
+1 35
-1 105
+1 35
-1 35
+1 35
+1 35
+3 113

fn=(180) _dl_check_all_versions
362 5
+4 5
-2 2
+4 24
cfn=(182)
calls=4 156 
* 2585
-2 4
+2 12
-1 4
-1 8
+5 7

fl=(143) ./elf/dl-fini.c
fn=(618) _dl_fini
30 8
+20 3
-3 6
+3 4
+3 2
cfi=(2)
cfn=(52) rtld_lock_default_lock_recursive
calls=1 841 
* 2
+2 1
+3 2
+2 6
+8 1
-3 1
+8 1
-5 5
+5 1
+2 8
+2 8
+2 8
+1 4
+1 4
+4 4
-12 12
+14 6
+1 4
+6 3
cfi=(55)
cfn=(174)
calls=1 -66 
* 236
+10 2
cfi=(2)
cfn=(54) rtld_lock_default_unlock_recursive
calls=1 847 
* 2
+5 6
+2 1
+2 3
-2 3
+2 9
+3 8
+3 12
+4 4
+11 2
+1 2
-1 2
+2 2
-2 2
+2 2
-2 2
+3 10
+1 2
cob=(4) /usr/lib/x86_64-linux-gnu/valgrind/vgpreload_core-amd64-linux.so
cfi=(85) ???
cfn=(646) 0x00000000000010c0
calls=1 0 
* 92
cob=(5)
cfi=(93)
cfn=(620)
calls=1 0 
* 92
-1 8
+5 6
+1 6
cob=(2)
cfi=(17)
cfn=(662) 0x000000000482e278
calls=1 0 
* 3
cob=(2)
cfi=(17)
cfn=(644) 0x000000000010b354
calls=1 0 
* 3
+6 24
+19 4
-59 14
+11 6
-26 7
+80 6
+6 2
+7 8

fl=(25) ./posix/../sysdeps/unix/syscall-template.S
fn=(68) uname
120 4
+2 1

fl=(101)
fn=(388)
72 8
+3 8
+2 8
+10 8
+6 8
+1 8
+1 8
+1 8
+1 8
+1 8
+1 8
+4 8
+1 8
+3 8
+1 8
+2 8
+1 8
+1 8
+1 8
+1 8
+1 8
+2 8
+7 8
+1 8
+1 8
cfi=(102) ./elf/../elf/dl-runtime.c
cfn=(390) _dl_fixup
calls=8 -60 
* 5079
+1 8
+5 8
+1 8
+1 8
+2 8
+1 8
+1 8
+1 8
+1 8
+1 8
+1 8
+2 8
+2 8
+4 8
+3 8

fn=(389) _dl_runtime_resolve_xsave'2
72 2
+3 2
+2 2
+10 2
+6 2
+1 2
+1 2
+1 2
+1 2
+1 2
+1 2
+4 2
+1 2
+3 2
+1 2
+2 2
+1 2
+1 2
+1 2
+1 2
+1 2
+2 2
+7 2
+1 2
+1 2
cfi=(102)
cfn=(390)
calls=2 -60 
* 1621
+1 2
+5 2
+1 2
+1 2
+2 2
+1 2
+1 2
+1 2
+1 2
+1 2
+1 2
+2 2
+2 2
+4 2
+3 2

fl=(46) ./io/../sysdeps/unix/sysv/linux/access.c
fn=(146) access
27 7
+4 1

fl=(38) ./io/../sysdeps/unix/sysv/linux/open64_nocancel.c
fn=(126) __open_nocancel
37 11
-3 33
+3 66
+8 77
+2 3
-2 24
+2 8

fl=(32) ./elf/dl-debug.c
fn=(100) _dl_debug_state
74 2

fn=(96) _dl_debug_initialize
49 8
+5 6
+5 2
-1 1
+1 2
+1 2
-1 1
+5 1
-14 4
+4 8
+3 1
+1 5

fl=(2)
fn=(118) map_doit
642 1
+2 1
-2 1
+2 1
+1 2
-1 2
+1 3
cfi=(26)
cfn=(120)
calls=1 1927 
* 2448
* 1
+2 2

fn=(102) handle_preload_list
897 7
+5 5
-4 1
+10 2
+7 1
201 1
917 2
201 2
919 2
+1 4
cfn=(106) do_preload
calls=1 807 
* 2567
* 1
-18 2
+3 3
cfi=(34) ./string/../sysdeps/x86_64/strcspn.S
cfn=(104) strcspn
calls=1 30 
* 271
* 1
+1 3
+2 4
cfi=(19)
cfn=(46)
calls=1 135 
* 26
+1 2
+14 9

fn=(184) init_tls
735 3
+2 1
+4 1
-4 1
+4 2
+11 1
-1 3
cfi=(18)
cfn=(40)
calls=1 92 
* 33
* 1
-4 1
+15 1
-12 1
+6 1
-9 1
+11 1
+4 1
+2 3
-1 3
+3 1
+4 1
-4 4
+4 3
-4 3
+4 1
+2 1
-2 1
+4 2
-9 1
-1 2
+1 3
-1 6
+10 2
+3 2
cfi=(33) ./elf/../elf/dl-tls.c
cfn=(186) _dl_tls_static_surplus_init
calls=1 69 
* 73
+3 1
cfi=(33)
cfn=(188) _dl_determine_tlsoffset
calls=1 191 
* 73
+7 1
cfi=(33)
cfn=(190) _dl_allocate_tls_storage
calls=1 389 
* 387
* 1
+1 2
+6 1
+3 2
-3 1
+3 6
+3 1
+3 5

fn=(52)
841 5
+1 5

fn=(178) version_check_doit
675 2
+2 4
cfi=(56)
cfn=(180)
calls=1 362 
* 2656
* 2
+4 2

fn=(2)
499 9
67 3
fi=(5)
-8 1
fe=(2)
+8 1
fi=(3) ./elf/get-dynamic-info.h
-19 1
fi=(5)
+11 2
fe=(2)
543 1
-3 1
fi=(3)
48 2
+15 1
+5 1
+3 1
+1 1
+1 1
-4 1
-2 1
-3 2
-1 20
+1 12
-16 4
+26 4
-26 9
+26 1
-26 2
+2 36
+17 13
-19 13
+26 13
-26 26
+33 2
+20 4
+1 4
+1 4
+1 4
+2 4
+5 4
+1 4
+1 4
+5 3
+5 2
+7 3
+1 3
+8 3
+3 3
+4 2
+1 2
fe=(2)
554 2
+7 1
67 1
466 1
67 3
466 1
cfi=(6)
cfn=(10) _dl_setup_hash
calls=1 964 
* 23
+1 1
+18 2
-18 1
+1 2
+1 2
+1 2
+9 1
+6 1
cfi=(7) ./elf/../elf/dl-sysdep.c
cfn=(12) _dl_sysdep_start
calls=1 89 
* 104162
* 1
+2 2
+99 9
fi=(3)
65 5
+3 4
fe=(2)
559 7
fi=(4)
46 1
fe=(2)
559 3
fi=(4)
86 3
fe=(2)
559 4
fi=(4)
47 1
fe=(2)
559 3
fi=(4)
47 3
+37 1
-1 1
+28 3
+1 2
fi=(5)
547 2
fi=(4)
112 86
fi=(5)
547 86
+1 44
fi=(4)
111 44
fi=(5)
548 88
fi=(4)
111 88
+5 2
fi=(5)
427 1
fi=(4)
124 2
fi=(5)
339 18
fi=(4)
124 27
+12 9
+3 9
-3 9
fi=(5)
301 9
fi=(4)
139 9
-3 9
+1 18
fi=(5)
301 18
+8 90
+3 18
+27 45
fi=(3)
71 4
+1 2
+1 2
fi=(5)
359 18
+1 9
fe=(2)

fn=(32) dl_main
1127 1
+15 1
-15 4
2706 1
1127 6
+15 1
+4 2
+1 2
+5 2
2554 1
1127 1
2554 1
+7 1
1127 1
2561 2
1127 1
215 1
2561 1
216 1
2561 1
217 1
2561 1
-4 1
-1 2
+7 2
cfi=(15) ./elf/dl-environ.c
cfn=(34) _dl_next_ld_env_entry
calls=1 29 
* 26
* 4
cfi=(15)
cfn=(34)
calls=2 29 
* 122
* 9
+4 6
-2 2
+2 6
+1 2
-1 6
+1 17
-1 89
+9 12
2725 3
+32 3
1162 4
2652 3
+1 3
-56 2
+7 2
1370 7
cfi=(16) ./elf/dl-object.c
cfn=(36) _dl_new_object
calls=1 59 
* 291
* 1
+2 2
+1 1
+1 1
+5 2
-5 1
+1 3
+4 1
cfi=(16)
cfn=(50) _dl_add_to_namespace_list
calls=1 31 
* 32
+1 2
1136 1
1409 1
-3 1
-5 1
+8 1
-7 1
+2 1
+5 4
+56 1
1133 1
1465 2
-37 1
+22 1
+15 2
-55 99
+95 2
+1 2
+1 1
-98 21
1518 1
+3 1
+2 1
-5 2
+3 2
+2 2
+2 2
+13 3
+3 1
-2 1
+2 1
-2 2
+2 1
-2 2
cfi=(21)
cfn=(56)
calls=1 144 
* 24
* 2
+10 1
-3 1
-2 1
+3 1
+2 2
+1 2
+4 2
+2 2
fi=(3)
33 1
+9 2
+6 1
-2 1
+2 2
+15 1
+5 1
+3 1
-2 1
-2 1
-3 2
-1 24
+1 15
-16 5
+26 5
-26 11
+26 1
-26 2
+2 50
+17 19
-19 19
+26 19
-26 38
+33 3
+20 3
+1 4
+1 4
+1 4
+2 4
+5 4
+1 4
+1 4
+5 3
+5 2
+7 2
+1 3
+18 3
+14 3
+2 3
+1 2
+9 2
+5 2
+3 2
fe=(2)
1561 2
cfi=(6)
cfn=(10)
calls=1 964 
* 23
+3 2
fi=(22) ./elf/./setup-vdso.h
24 2
fi=(24) ./elf/../sysdeps/unix/sysv/linux/dl-vdso-setup.h
+21 1
fe=(2)
1589 2
cfi=(10) ./elf/../sysdeps/unix/sysv/linux/dl-sysdep.c
cfn=(66) _dl_discover_osversion
calls=1 46 
* 99
* 8
1414 1
-5 1
+5 2
-5 2
+29 1
-9 1
+27 1
-27 1
+2 1
-3 1
+10 2
-19 1
-10 1
+10 2
-10 2
+56 4
-1 4
+1 8
-1 4
+2 8
+1 1
+3 2
+1 2
-1 6
+1 6
+1 4
+1 10
-64 1
+65 1
-65 2
+92 1
-92 1
+92 1
-92 2
fi=(3)
65 5
+3 4
+3 4
+1 2
+1 2
fi=(23) ./elf/../sysdeps/unix/sysv/linux/dl-vdso.h
-33 1
+1 2
fe=(2)
1594 2
cfi=(26)
cfn=(70) _dl_init_paths
calls=1 681 
* 1841
+3 3
cfi=(32)
cfn=(96)
calls=1 49 
* 17
+7 1
-7 1
+2 1
+5 1
+4 1
+3 1
-3 3
+1 2
+3 1
+5 1
-7 1
+7 1
+18 2
+1 2
+5 1
-3 2
+2 1
+1 2
+5 3
+1 5
-1 2
+9 2
+6 2
1137 1
1660 1
+25 1
cfi=(33)
cfn=(98) _dl_count_modids
calls=1 169 
* 5
* 1
+8 3
+3 2
+4 3
+5 2
+1 1
cfi=(32)
cfn=(100)
calls=1 74 
* 1
+5 3
+16 3
+2 1
+2 2
+8 2
+15 3
cfi=(46)
cfn=(146)
calls=1 27 
* 8
* 2
+76 4
67 1
1850 1
67 2
1850 1
67 1
1850 6
cfi=(47)
cfn=(148)
calls=1 159 
* 7345
74 1
1855 1
74 2
+9 2
1855 2
+1 6
-1 4
+1 6
-1 12
+4 3
+1 3
+1 1
+2 2
+1 5
-1 9
+1 6
+12 1
+1 1
-1 2
+1 2
+2 1
+2 3
+2 1
-4 1
+5 1
-1 2
+14 2
+1 2
+1 3
+11 1
+1 1
-1 1
+2 4
-2 3
+2 1
cfi=(35)
cfn=(176) _dl_receive_error
calls=1 238 
* 2682
+10 1
+1 1
-1 1
+1 1
+3 2
856 1
fi=(148) ./elf/../sysdeps/unix/sysv/linux/dl-osinfo.h
64 2
fe=(2)
858 1
fi=(148)
77 1
fe=(2)
867 1
+7 1
-5 1
1931 3
2161 3
2604 4
+2 2
+1 1
1618 6
-11 4
fi=(24)
30 5
+3 1
+3 1
+3 1
fi=(23)
+16 2
fe=(2)
1649 2
+1 2
+1 1
2230 1
-13 1
+4 1
+6 1
-10 1
+10 1
-6 1
+9 2
+54 3
+3 1
67 2
2291 1
67 2
2292 20
+2 8
+5 8
+2 8
+6 4
+2 8
+1 24
cfi=(57)
cfn=(192)
calls=3 167 
* 70660
+4 10
+1 3
cfi=(33)
cfn=(302) _dl_add_to_slotinfo
calls=1 944 
* 27
* 1
-12 1
+1 1
-3 3
74 3
+1 1
2323 1
75 1
2323 1
+2 1
+3 4
+2 1
+7 3
cfi=(33)
cfn=(304) _dl_allocate_tls_init
calls=1 494 
* 131
+3 2
+9 3
+2 4
67 1
2364 1
+1 3
67 3
2365 2
cfi=(57)
cfn=(192)
calls=1 167 
* 6484
74 3
+9 2
2375 1
cfi=(7)
cfn=(306) _dl_sysdep_start_cleanup
calls=1 259 
* 1
+4 3
+21 3
cfi=(32)
cfn=(96)
calls=1 49 
* 8
+1 1
+1 1
cfi=(32)
cfn=(100)
calls=1 74 
* 1
+5 1
cfi=(49)
cfn=(308)
calls=1 349 
* 15
+5 8
1874 2
2653 2
+2 2
+1 1
1924 2
cfn=(184)
calls=1 735 
* 646
* 2
67 1
1735 1
67 2
1735 1
67 1
1735 2
cfn=(102)
calls=1 897 
* 2916
* 1
74 3
+9 3
1834 5
+1 1
-1 2
+4 3
+1 1
+1 2
+1 2
-7 2

fn=(106)
807 1
+12 1
-12 5
+10 1
-4 1
+6 2
-5 1
+5 2
-10 1
+6 1
+4 1
cfi=(35)
cfn=(110) _dl_catch_error
calls=1 225 
* 2538
* 1
+1 3
+8 3
+6 5

fn=(54)
847 5
+1 5

fl=(27) ./elf/dl-hwcaps.c
fn=(72) _dl_important_hwcaps
42 5
+1 1
-1 5
+1 1
-1 1
+1 1
-1 1
+1 2
-1 1
+1 1
cfi=(8)
cfn=(26)
calls=1 367 
* 19
* 1
+2 1
+1 2
-1 1
+1 1
+9 1
-12 1
+12 5
+1 1
+1 1
-1 2
+1 1
-1 1
+73 1
-72 1
+72 1
-74 12
+10 3
185 1
+5 1
-5 1
+5 5
-2 2
-2 1
+2 1
-2 1
+2 2
-2 1
+2 1
-2 1
fi=(28) ./elf/../sysdeps/x86/dl-hwcap.h
57 6
fe=(27)
188 1
+1 1
cfi=(13)
cfn=(28)
calls=1 79 
* 16
+1 1
+5 1
-5 2
-1 1
-4 1
+5 1
+5 1
+2 1
-7 1
-5 2
-37 2
+1 1
-1 6
+37 2
+8 3
+3 1
-1 1
+1 1
+4 1
+2 1
-2 3
+1 1
-1 1
+4 2
+4 2
-1 2
+4 7
+1 2
+18 11
+1 2
-1 1
+1 3
cfi=(18)
cfn=(44)
calls=1 49 
* 24
* 1
+1 4
-1 1
+1 3
+31 4
+10 3
+21 1
-21 1
+21 2
-21 1
+21 1
-28 2
+13 1
+3 1
-9 1
+10 1
-1 2
-3 1
-32 1
+36 5
-4 2
-3 1
+3 1
cfi=(19)
cfn=(76) mempcpy
calls=1 122 
* 16
* 2
-3 1
+3 1
cfi=(19)
cfn=(76)
calls=1 122 
* 16
* 2
+3 2
-3 6
+3 5
+1 12
+1 2
-2 1
+2 1
cfi=(19)
cfn=(76)
calls=1 122 
* 14
* 2
-2 2
+5 6
cfi=(19)
cfn=(76)
calls=2 122 
* 28
* 4
+2 5
-7 4
+13 1
-1 1
+1 2
-1 2
+1 7
-1 7
+1 14
-1 16
+5 7
+3 2
-3 8
+3 10
+1 3
-1 3
+1 15
-1 9
+1 18
+1 24
-1 12
-1 12
+2 24
-1 24
-1 24
+4 9
+3 1
+1 1
+1 2
-2 1
+1 1
-1 1
+2 3
-1 1
+1 2
+3 2
+3 2
-6 2
+2 6
+3 1
+1 2
-6 2
+6 3
+7 8
+1 1
-1 2
+3 2
-3 3
+1 3
-1 6
+3 6
+3 4
+3 9
185 5
+29 1
+1 3
+1 1
-1 1
+1 1
-1 2
+2 2
+4 1
+3 3

fl=(7)
fn=(12)
89 8
+25 1
-1 1
+1 70
+6 1
-3 1
+1 1
-4 1
+3 1
+3 8
-29 1
-1 2
+30 20
+1 108
+61 1
+1 1
-1 1
+1 1
-63 75
+34 1
-34 2
+35 1
-35 2
+46 1
-46 1
+47 1
-1 1
-46 3
+40 1
-40 1
+41 1
-1 1
-40 3
+37 1
-37 2
+38 1
-38 3
+13 1
-13 2
+14 1
-14 2
+10 1
-10 2
+11 1
-11 2
+7 1
-7 4
+4 1
-4 4
223 1
cfi=(8)
cfn=(14) __GI___tunables_init
calls=1 +60 
* 8746
fi=(10)
36 2
cfi=(11) ./elf/../sysdeps/unix/sysv/linux/x86_64/brk.c
cfn=(20) brk
calls=1 -5 
* 9
fi=(12) ./elf/../sysdeps/x86/cpu-features.c
322 1
-13 1
+13 1
-12 1
+1 1
+11 1
+3 6
476 3
+1 1
+3 2
+1 1
+6 1
+6 1
-5 1
+5 1
-3 1
+3 1
-4 1
+4 1
cfi=(8)
cfn=(26)
calls=1 367 
* 17
+2 4
cfi=(8)
cfn=(26)
calls=1 367 
* 19
* 1
+2 3
-2 1
+2 1
cfi=(8)
cfn=(26)
calls=1 367 
* 19
* 1
+2 3
-2 1
+2 1
cfi=(8)
cfn=(26)
calls=1 367 
* 19
* 1
+12 1
-1 1
-11 1
+12 1
fe=(7)
235 1
cfi=(13)
cfn=(28)
calls=1 79 
* 16
* 1
+2 2
cfi=(14) ./elf/../misc/sbrk.c
cfn=(30) sbrk
calls=1 32 
* 17
* 3
+12 3
+3 5
cfi=(2)
cfn=(32)
calls=1 1127 
* 94686
+1 1
+1 8
fi=(12)
515 3
+28 1
fe=(7)
234 1
fi=(12)
534 3
+2 4
+1 2
+2 4
+1 2
331 6
cfn=(24) get_common_indices.constprop.0
calls=1 71 
* 97
49 4
+1 2
+1 6
+5 2
+1 6
+5 2
+1 6
336 1
+2 1
+7 1
+59 1
+10 1
-78 2
+89 4
-96 1
+96 2
-99 1
+12 10
+38 2
+14 1
+10 5
+14 2
+1 1
fe=(7)

fn=(306)
259 1

fl=(45) ./io/../sysdeps/unix/sysv/linux/close_nocancel.c
fn=(144) __GI___close_nocancel
26 12
+1 3

fl=(84)
fn=(316) call_init.part.0
28 32
+8 4
-8 4
+11 4
-3 8
+3 12
+5 9
+5 4
+9 12
cob=(3)
cfi=(86) ./csu/init-first.c
cfn=(328) _init
calls=1 -6 
* 95
cob=(2)
cfi=(17)
cfn=(318) 0x000000000482e000
calls=1 -58 
* 6
+3 2
+1 4
+6 2
+2 4
-2 4
+3 10
+1 8
cob=(3)
cfi=(90) ./libio/vtables.c
cfn=(338) check_stdfiles_vtables
calls=1 +12 
* 11
cob=(4)
cfi=(85)
cfn=(322) 0x0000000000001100
calls=1 -72 
* 11
* 4
cob=(3)
cfi=(91) ./string/../sysdeps/x86/cacheinfo.c
cfn=(340) init_cacheinfo
calls=1 488 
* 1714
-1 9
+3 24
-29 3
-5 3

fn=(314)
79 11
+1 1
+1 1
+3 3
+8 2
+25 1
+1 5
+1 2
-89 2
+89 6
-89 18
cfn=(316)
calls=3 -2 
* 1933
+88 12
+7 8
-95 3
cfn=(316)
calls=1 -2 
* 70
+57 2

fl=(41) ./io/../sysdeps/unix/sysv/linux/wordsize-64/fxstat.c
fn=(134) _fxstat
33 9
+1 6
+1 12
+4 3

fl=(21)
fn=(56)
144 156
+1 156
+2 156
+1 156
+21 156
+1 156
+1 71
+1 71
+1 52
+1 52
+1 52
+1 52
+21 52
+1 52
+1 52
+1 52
+1 52
+1 52
+1 52
+5 6
+1 6
+9 6
+1 6
+1 6
+1 6
+1 6
+1 6
+1 6
+1 6
-7 104
+1 104
+1 104
+1 104
+1 104
+1 104
+1 104
+1 104
+1 47
+1 19
+1 19
+1 19
+2 19
+1 19
+1 19
+1 19
+1 19
+1 19
-5 28
+1 28
+1 28
+1 28
+1 28
+1 28
+10 63
+1 63
+1 63
+2 63
+6 63
+1 63
+1 63
+1 63
+1 63
+5 63
+2 1
+1 1
+1 2
+8 1
+1 1
+3 1
+1 1
+1 1
+1 1
+1 1
+1 1
696 1
+1 1
+1 1
+1 1
+1 1
+2 1
+1 1
+1 1
+1 1
+1 1
+1 1
+1 1
+1 1
+4 1
+1 1
+1 1
+6 1
+1 1
+1 2
+4 1
+1 1
+3 1
+1 1
+1 1
+3 1
+1 1
+1 1
+6 1
+1 1
+1 1
+1 1
+1 1
+1 1
+72 2
+1 2
+1 2
+1 2
+1 2
+2 2
+1 2
+1 2
+1 2
+1 2
+1 2
+1 2
+1 2
+4 2
+1 2
+1 2
+6 2
+1 2
+1 4
+4 2
+1 2
+3 2
+1 2
+1 2
+3 2
+1 2
+1 2
+6 2
+1 2
+1 2
+1 2
+1 2
+1 2
+72 13
+1 13
+1 13
+1 13
+1 13
+2 13
+1 13
+1 13
+1 13
+1 13
+1 13
+1 13
+1 12
+4 12
+1 12
+1 12
+6 12
+1 12
+1 24
+4 12
+1 12
+3 12
+1 12
+1 12
+3 12
+1 12
+1 12
+6 12
+1 12
+1 12
+1 12
+1 12
+1 12
+72 2
+1 2
+1 2
+1 2
+1 2
+2 2
+1 2
+1 2
+1 2
+1 2
+1 2
+1 2
+1 2
+4 2
+1 2
+1 2
+6 2
+1 2
+1 4
+4 2
+1 2
+3 2
+1 2
+1 2
+3 2
+1 2
+1 2
+6 2
+1 2
+1 2
+1 2
+1 2
+1 2
+7 1
+1 1
+2 1
+1 1
+2 1
+1 1
+1 1
+3 1
+1 1
+1 1
+6 1
+1 1
+1 1
+1 1
+1 1
+1 1
+41 2
+1 2
+1 2
+1 2
+1 2
+2 2
+1 2
+1 2
+1 2
+1 2
+1 2
+1 2
+1 2
+4 2
+1 2
+1 2
+6 2
+1 2
+1 4
+4 2
+1 2
+3 2
+1 2
+1 2
+3 2
+1 2
+1 2
+6 2
+1 2
+1 2
+1 2
+1 2
+1 2
+72 1
+1 1
+1 1
+1 1
+1 1
+2 1
+1 1
+1 1
+1 1
+1 1
+1 1
+1 1
+1 1
+4 1
+1 1
+1 1
+6 1
+1 1
+1 2
+4 1
+1 1
+3 1
+1 1
+1 1
+3 1
+1 1
+1 1
+6 1
+1 1
+1 1
+1 1
+1 1
+1 1
+72 2
+1 2
+1 2
+1 2
+1 2
+2 2
+1 2
+1 2
+1 2
+1 2
+1 2
+1 2
+1 2
+4 2
+1 2
+1 2
+6 2
+1 2
+1 4
+4 2
+1 2
+3 2
+1 2
+1 2
+3 2
+1 2
+1 2
+6 2
+1 2
+1 2
+1 2
+1 2
+1 2
+72 11
+1 11
+1 11
+1 11
+1 11
+2 11
+1 11
+1 11
+1 11
+1 11
+1 11
+1 11
+1 11
+4 11
+1 11
+1 11
+6 11
+1 11
+1 22
+4 11
+1 11
+3 11
+1 11
+1 11
+3 11
+1 11
+1 11
+6 11
+1 11
+1 11
+1 11
+1 11
+1 11
+72 1
+1 1
+1 1
+1 1
+1 1
+2 1
+1 1
+1 1
+1 1
+1 1
+1 1
+1 1
1821 10
+1 10
+1 10
+1 10
+1 10
+2 10
+1 10
+1 10
+1 10
+1 10
+1 10
+1 10
+1 7
+4 7
+1 7
+1 7
+6 7
+1 7
+1 14
+4 7
+1 7
+3 7
+1 7
+1 7
+3 7
+1 7
+1 7
+6 7
+1 7
+1 7
+1 7
+1 7
+1 7
+72 1
+1 1
+1 1
+1 1
+1 1
+2 1
+1 1
+1 1
+1 1
+1 1
+1 1
+1 1
+1 1
+4 1
+1 1
+1 1
+6 1
+1 1
+1 2
+4 1
+1 1
+3 1
+1 1
+1 1
+3 1
+1 1
+1 1
+6 1
+1 1
+1 1
+1 1
+1 1
+1 1
+72 1
+1 1
+1 1
+1 1
+1 1
+2 1
+1 1
+1 1
+1 1
+1 1
+1 1
+1 1
2200 42
+2 42
+1 42
+1 42
+1 42
-3 68
+1 68
+1 68
+1 68
+1 38
+5 19
+6 19
+1 19
+8 19
+1 19
-16 137
+6 137
+1 137
+8 137
+1 137

fl=(33)
fn=(186)
69 1
+4 1
-4 1
+4 1
-4 3
+4 3
cfi=(8)
cfn=(26)
calls=1 367 
* 19
* 1
+1 4
cfi=(8)
cfn=(26)
calls=1 367 
* 19
* 3
+6 1
+2 4
+5 1
-2 1
+4 3
+1 2
+1 5

fn=(190)
389 1
+13 1
-13 2
+2 1
+12 2
cfi=(18)
cfn=(44)
calls=1 49 
* 24
* 1
+1 3
+8 2
-69 1
+69 2
+1 1
+4 297
+19 1
-94 2
+1 2
cfi=(18)
cfn=(40)
calls=1 92 
* 33
* 1
+1 2
+3 1
+6 2
+89 5

fn=(168) _dl_next_tls_modid
107 1
+13 1
-13 1
+36 1
+12 1
+4 1

fn=(302)
944 7
+6 1
+3 1
+1 1
+4 3
+41 2
+3 4
-1 1
+1 1
+2 6

fn=(304)
494 8
+1 2
+4 1
+6 1
-6 1
+6 2
-4 1
+16 1
-15 2
+20 8
+9 3
+1 2
+6 3
+3 1
-2 1
+6 1
-6 1
+2 1
+4 1
-4 3
+1 1
+2 2
+4 2
+1 4
+2 2
+1 2
+12 1
-3 1
+3 2
cfi=(19)
cfn=(76)
calls=1 122 
* 12
* 5
cfi=(29)
cfn=(78)
calls=1 109 
* 33
-36 1
-6 4
+6 4
+50 2
+3 9

fn=(188)
191 7
+6 3
+3 2
+36 3
+2 1
-2 1
-2 1
-40 1
-1 1
-1 1
+46 2
+23 3
+3 1
-3 4
+2 2
+10 1
-12 1
-25 6
+2 2
+3 1
-1 1
+5 2
-5 1
+1 1
-1 1
+3 2
+2 3
+32 2
-1 1
+53 1
-52 4
+2 2
+51 8

fn=(98)
169 2
+1 1
+15 2

fl=(18)
fn=(40)
92 8
+4 8
+4 8
-1 16
+1 16
+3 8
cfn=(44)
calls=8 -54 
* 237
* 8

fn=(82) strsep
265 6
+2 4
+1 4
+4 48
+7 112
-2 56
+13 1
+4 4
-22 14
+15 14
-15 30

fn=(44)
49 88
+1 22
+11 22
-11 44
+11 44
+3 22
-3 22
+3 128
+18 22
+1 22
+2 88
-16 4
+1 2
+2 1
+1 7
cfi=(42) ./misc/../sysdeps/unix/sysv/linux/mmap64.c
cfn=(136) mmap
calls=1 -22 
* 19
* 1
+2 2
+2 2
+2 1
+4 1
-4 2
-23 1
-1 1
+1 1
+1 2
-2 2

fn=(94) free
111 12

fl=(36) ./setjmp/../sysdeps/x86_64/setjmp.S
fn=(116) __sigsetjmp
32 3
+9 3
+1 6
+1 3
+4 3
+1 3
+1 3
+1 3
+1 3
+2 6
+2 3
+1 3
+3 6
+2 3
+19 3
+1 3

fl=(30) ./string/../sysdeps/x86_64/multiarch/../strchr.S
fn=(88) index
24 6
+1 6
+1 6
+1 6
+1 6
+1 6
+1 6
+1 6
+1 6
+1 6
+1 6
+1 6
+1 6
+1 6
+1 6
+1 6
+1 6
+1 4
+4 4
+1 4
+1 4
+1 4
+2 4
+4 2
+1 2
+1 2
+1 2
+1 2
+1 2
+1 2
+1 2
+1 2
+1 2
+1 2
+1 2
+1 2
+1 2
+1 2
+1 2
+1 2
+1 2
+1 2
+1 2
+1 2
+1 2
+1 2
+1 3
+5 1
+1 1
+3 1
+1 1
+1 1
+1 1
+1 1
+1 1
+1 1
+1 1
+1 1
+1 1
+1 1
+1 1
+1 1
+1 1
+1 1
+1 1
+1 1
+1 1
+2 1
+1 1
+2 1
+1 1
+1 1
+1 1
+1 1
+1 1
+1 1
+1 1
+2 1
+1 1
+1 1
+1 1
+1 1
+1 1
+1 1
+1 1
+1 1
+1 1
+3 1
+4 1
+1 1
+1 1
+1 1
+2 1
-9 1
+4 1
+1 1
+1 1
+1 1
+2 1

fl=(6)
fn=(200)
841 900
582 100
841 400
582 300
-1 200
+2 100
-1 100
+1 300
-1 300
+1 1289
-1 1289
+1 3867
-1 3867
+2 100
847 100
-4 100
+8 100
-8 100
+1 200
+7 278
+5 100
+5 100
-7 100
+2 100
-2 100
+6 200
-7 600
+7 20
+29 10
-29 30
+1 1300
cfn=(202) do_lookup_x
calls=100 368 
* 34630
* 300
+28 90
-23 200
+24 540
+40 90
-40 90
+40 360
+14 270
+3 270
+5 180
+2 900
-86 60
+17 10
+1 20
+59 2

fn=(204) check_match
75 368
+3 92
-3 736
+3 184
+13 360
-13 360
+13 180
+3 288
cfi=(21)
cfn=(56)
calls=27 +50 
* 1411
* 54
+4 90
+1 180
+2 178
+19 178
+1 712
+39 90
+7 540
-18 2
+2 2
+1 1
-1 2
+1 3
-1 2
+16 12
-45 267
cfi=(21)
cfn=(56)
calls=89 +22 
* 3772
* 178
-44 8
+82 4

fn=(202)
368 700
+1 100
-1 800
+48 100
-41 100
+76 100
-35 200
-16 942
+8 314
-4 314
+1 314
+3 628
+1 942
+3 314
+1 628
+7 314
-3 628
-2 314
+5 1256
+3 2198
571 675
379 630
+3 630
+4 1266
+4 628
+4 628
+88 180
fi=(20)
126 270
fe=(6)
533 180
+3 672
+16 180
+1 90
+1 180
427 372
-1 186
+2 186
+2 93
+6 372
-6 93
+6 744
+7 282
-10 920
+3 92
-1 92
+1 184
-1 92
+1 92
-1 92
+2 92
-1 92
+1 92
-1 920
cfn=(204)
calls=92 75 
* 10254
+4 276
+3 4
574 10
+1 800
-35 36
-66 6
176 21
+5 720

fn=(10)
964 12
+2 4
+2 8
+2 4
-1 4
+3 12
+1 4
+4 4
-3 4
+7 4
-7 4
+3 4
-1 4
+3 4
+2 4
-7 4
+7 4
+5 4

fl=(37)
fn=(158)
44 1
+3 1
-3 6
+3 1
-3 1
+3 1
cfi=(38)
cfn=(126)
calls=1 -10 
* 18
+1 2
+23 7
-21 5
cfi=(41)
cfn=(134)
calls=1 -17 
* 10
* 2
+2 2
+3 2
+13 2
cfi=(45)
cfn=(144)
calls=1 -42 
* 5
* 1
-11 6
cfi=(42)
cfn=(136)
calls=1 -6 
* 19
* 2

fn=(122)
282 70
+1 28
cfi=(21)
cfn=(56)
calls=14 144 
* 336
* 14
+1 14
-1 28
+3 14
+2 28
+4 15
-4 30
+1 54
cfi=(21)
cfn=(56)
calls=18 144 
* 508
* 36
-5 3
+11 23
-1 11
+1 33

fl=(8)
fn=(26)
367 120
+9 20
-9 78
+9 3
+17 100
+2 20
-9 17
+1 17

fn=(14)
283 8
-9 4
67 65
+6 20
-3 20
+3 1191
-6 40
358 8
77 40
+5 20
-9 20
-6 20
fi=(9) ./elf/dl-tunables.h
+52 20
fe=(8)
-37 60
fi=(9)
+38 60
-1 30
+5 10
-5 20
+1 60
fe=(8)
324 60
-12 2800
fi=(9)
119 360
fe=(8)
-52 180
fi=(9)
+52 540
+1 18
-1 234
+1 558
fe=(8)
306 2240
70 40

fl=(48) ./io/../sysdeps/unix/sysv/linux/wordsize-64/xstat.c
fn=(154) _xstat
33 24
+1 16
+1 32
+4 1
-4 28

fl=(35)
fn=(114)
175 6
+5 3
-5 9
+5 3
-2 6
+21 3
+7 6
-7 3
+1 6
+3 6
+3 3
cfi=(36)
cfn=(116)
calls=3 32 
* 57
* 9
+2 9
cfi=(47)
cfn=(150)
calls=2 61 
* 5828
cfi=(2)
cfn=(118)
calls=1 642 
* 2462
+2 3
-1 3
+1 3
-1 3
+1 6
+9 12

fn=(176)
238 5
+1 1
+1 1
+3 1
+1 1
+2 1
cfi=(2)
cfn=(178)
calls=1 675 
* 2666
+2 1
+1 1
+1 4

fn=(110)
225 9
+2 2
cfn=(114)
calls=1 -52 
* 2515
* 1
+1 2
+1 1
+1 1
-1 1
+1 1
+2 5

fl=(102)
fn=(390)
66 20
+6 20
-6 10
+3 20
+3 30
-4 10
+5 10
+2 10
-2 50
+2 10
-2 10
+2 10
+5 20
+4 20
+4 30
+4 20
+1 40
-7 40
+16 10
-1 10
+1 20
+10 100
cfi=(6)
cfn=(200)
calls=10 841 
* 5868
* 10
+4 50
+10 90
+7 10
+8 40
+4 30
fi=(5)
+97 10
fe=(102)
-93 40
fi=(130) ./elf/../sysdeps/x86_64/dl-irel.h
32 2
cob=(3)
cfi=(68)
cfn=(236)
calls=1 +9 
* 8
cob=(3)
cfi=(70)
cfn=(240)
calls=1 +10 
* 18
* 4
fe=(102)

fl=(53)
fn=(170)
34 2
-4 2
+1 2
+3 2
-3 2
-1 2
+5 2
-5 4
+5 2
+11 2
-1 4
+18 8

fl=(55)
fn=(174)
28 24
+2 4
+4 4
+1 2
-2 2
+1 16
+1 4
cfi=(29)
cfn=(78)
calls=2 +74 
* 30
* 18
+4 4
+3 2
-3 4
+1 6
+2 2
-3 8
+3 4
-3 8
+1 12
+2 4
+12 24
+2 12
+1 8
-1 6
+1 4
+33 12
-36 24
+61 18
-31 8
-25 18
+1 12
+58 28
cfi=(29)
cfn=(78)
calls=4 -9 
* 64
* 16
-28 9
-44 12
+69 2
+7 16

fl=(10)
fn=(66)
46 4
+2 3
+40 2
cfi=(25)
cfn=(68)
calls=1 +32 
* 5
+15 1
-15 2
+20 1
-1 1
+3 12
+4 3
-2 6
+2 11
+3 2
-1 2
+1 6
-3 8
+7 3
-1 3
+4 3
-2 3
+2 12
+8 1
+1 5

fl=(31)
fn=(90)
40 12
+1 3
cfi=(13)
cfn=(28)
calls=3 +38 
* 110
* 3
+1 6
cfi=(18)
cfn=(44)
calls=3 +7 
* 72
* 3
+2 6
+4 3
-1 9
+1 6
-1 3
cfi=(19)
cfn=(46)
calls=3 +88 
* 46

fl=(42)
fn=(136)
51 22
-3 44
+6 22
+5 66
+2 33
-7 8

fl=(13)
fn=(28)
79 13
+1 13
+1 13
+1 13
+1 13
+1 13
+1 13
+2 13
+2 13
+31 13
+1 13
+1 13
+1 13
+1 13
+1 7
+2 7
+4 6
+1 6
+1 6
+1 6
+1 6
+1 6
+1 6
+1 6
+1 6
+1 6
+1 6
+1 6
+5 42
+74 3
+1 3
+1 3
+1 3
+1 3
+1 3
+1 3
+1 3
+16 3
+2 3
+1 42
+2 3
+1 3
+1 3
+2 3

fl=(16)
fn=(50)
31 3
+2 3
-2 6
+2 3
-2 6
+2 3
cfi=(2)
cfn=(52)
calls=3 841 
* 6
+2 20
+3 20
+2 2
+2 2
+4 2
+4 2
+1 2
-5 4
+1 4
+1 2
+3 2
-3 2
+3 2
-1 2
cfi=(2)
cfn=(54)
calls=2 847 
* 4
-4 1
+4 1
+1 1
-5 2
+1 2
+1 1
+3 1
-3 1
+3 1
-1 1
cfi=(2)
cfn=(54)
calls=1 847 
* 2
-5 2

fn=(36)
59 30
+3 3
-3 6
+3 6
+15 2
+3 6
cfi=(13)
cfn=(28)
calls=2 -1 
* 76
+4 2
-4 4
+4 2
+5 10
cfi=(18)
cfn=(40)
calls=2 +3 
* 104
* 2
* 4
cfi=(18)
cfn=(40)
calls=1 +3 
* 40
* 1
* 3
+3 6
+4 3
+5 3
-6 3
+6 3
-5 3
+5 3
-5 3
+5 3
-1 3
+1 3
-1 3
+1 3
cfi=(19)
cfn=(46)
calls=3 +34 
* 49
* 3
+15 6
-15 3
+15 3
-13 3
+13 10
+6 1
+2 7
+3 2
-3 14
+3 4
+2 3
+4 3
+3 14
fi=(20)
1222 3
fe=(16)
136 2
+2 1
-2 2
fi=(20)
1222 45
fe=(16)
136 30
+2 15
-2 30
+50 2
-34 2
-5 1
+5 1
-6 1
+6 1
-6 1
+6 6
-5 2
+5 2
-6 2
+6 2
-6 2
+6 4
+2 4
+3 4
-3 4
+7 8
+4 4
+8 2
+3 1
+10 2
-10 1
+10 1
-10 2
+10 4
-10 2
+10 2
+2 2
+21 2
-21 2
cfi=(13)
cfn=(28)
calls=2 79 
* 94
+4 2
-4 6
+17 2
-13 6
+50 6
cfi=(19)
cfn=(76)
calls=2 122 
* 40
* 2
+5 4
+1 4
-1 80
+1 80
+2 4
+3 2
+3 2
+4 27
128 6
+37 6
-15 1
+7 4
+8 4
+31 4
cfi=(18)
cfn=(44)
calls=2 49 
* 48
* 2
* 2
+1 8
64 2
+1 6
+9 1
-5 2

fl=(14)
fn=(30)
32 4
+8 6
+4 2
+16 5

fl=(12)
fn=(24)
71 2
+4 4
+3 3
+4 2
-4 1
+4 1
-4 1
+3 1
+1 1
+1 4
+1 4
+1 3
+1 2
+7 2
+1 3
+6 1
-6 4
+6 1
+1 7
+7 3
+4 2
+2 4
225 2
+4 3
+1 2
+3 1
-1 1
+4 1
+2 1
-2 1
+5 2
+50 3
118 2
+3 4
+3 2
+8 1
-5 2
+8 2
+2 1
+2 3
+4 2
+4 2
+7 3

fl=(52)
fn=(310)
117 4
+5 1

fn=(166)
117 20
+5 5

fl=(15)
fn=(34)
29 3
+3 28
+13 18
-13 36
+2 40
+1 14
+5 2
-3 2
+3 2
+2 2
+7 1

fl=(19)
fn=(46)
135 15
+6 15
+1 15
+1 8
+1 8
+5 5
+1 5
+1 5
+1 5
+5 5
301 7
+1 7
+1 1
+1 1
+1 1
+1 1
+1 1
+1 1
+1 1
+2 1
+22 6
+1 6
+1 6
+1 6
+1 6
+24 3
+1 3
+1 3
+1 3
+2 3
+1 3
+1 3
+1 3
+1 3
+1 3
+1 3
+1 3
+1 3
+1 3
+1 3
+1 3
+1 3
+1 3
+1 3
+1 3
+2 3

fn=(76)
122 26
+1 26
+1 26
+17 26
+1 26
+1 4
+1 4
+5 3
+1 3
+1 3
+1 3
+5 3
301 22
+1 22
+1 8
+1 8
+1 3
+1 3
+1 1
+4 1
+22 14
+1 14
+1 14
+1 14
+1 14
+3 5
+1 5
+1 5
+1 5
+1 5
+3 2
+1 2
+1 2
+1 2
+1 2
+10 1
+1 1
+1 1
+1 1
+2 1
+1 1
+1 1
+1 1
+1 1
+1 1
+1 1
+1 1
+1 1
+1 1
+1 1
+1 1
+1 1
+1 1
+1 1
+1 1
+2 1

fl=(26)
fn=(86)
231 4
+3 4
-3 8
+7 4
-7 8
+3 4
cfi=(30)
cfn=(88)
calls=4 24 
* 181
+3 8
+20 28

fn=(124) open_verify.constprop.0
1466 110
+39 10
-39 10
+39 20
+31 40
cfi=(38)
cfn=(126)
calls=10 37 
* 204
* 10
+2 20
+11 2
+6 4
-5 2
+5 16
cfi=(39)
cfn=(128)
calls=2 26 
* 10
+2 4
+2 4
+2 4
+6 4
+16 18
-65 8
1765 90
1583 14
+74 4
+5 4
+2 8
+6 4
+6 2
+1 2
-1 6
+1 6
+1 4
+20 8
1543 4
1698 96
+1 40
+1 8
+4 8
+17 2
+8 18
+15 2
+6 3
-3 1
+1 1
+3 1
-3 2
+1 1
-1 1
-1 1
+4 2
1583 3
1761 4
cob=(2)
cfi=(17)
cfn=(92) 0x0000000004001080
calls=2 0 
* 10
* 2
-29 18
-1 2
+4 6
+5 1
+1 2
-36 8

fn=(152) open_path
1779 8
+1 1
-1 6
+1 1
+6 2
+5 2
-7 1
+7 1
-8 1
+8 6
+3 3
+9 6
+7 3
-12 1
+13 1
-1 1
cfi=(19)
cfn=(76)
calls=1 122 
* 12
* 1
+47 3
+8 2
-54 58
+3 24
+4 64
cfi=(19)
cfn=(76)
calls=8 122 
* 101
* 32
cfi=(19)
cfn=(76)
calls=8 122 
* 96
+3 16
+3 24
+3 56
cfn=(124)
calls=8 1466 
* 424
* 8
+2 24
+2 16
+65 7
+7 2
-2 1
+2 3
+3 3
-13 1
+27 9
-84 40
+1 64
+6 16
+2 16
-2 24
+2 16
cfi=(48)
cfn=(154)
calls=8 33 
* 101
* 8
+3 8
-3 16
+1 1
+2 1
-2 1
+2 30

fn=(84) expand_dynamic_string_token
378 6
+10 2
-10 8
+10 2
cfn=(86)
calls=2 231 
* 145
+3 4
+12 2
-11 2
+11 8
-11 2
cfi=(31)
cfn=(90)
calls=2 40 
* 196

fn=(120)
1927 27
+8 6
+1 12
+3 42
+5 49
+2 21
cfi=(37)
cfn=(122)
calls=7 282 
* 656
* 14
+4 12
+1 18
+3 2
+1 2
+1 2
-1 2
+1 2
cfi=(21)
cfn=(56)
calls=2 144 
* 48
* 4
2238 27
1974 2
-2 2
+2 4
-2 4
-43 2
+53 6
+36 4
-2 2
+2 2
cfi=(30)
cfn=(88)
calls=2 24 
* 46
* 4
2169 2
-1 3
cfn=(84)
calls=1 378 
* 251
+2 1
-3 1
+1 1
+2 2
+4 6
cfn=(124)
calls=1 1466 
* 232
* 1
+3 2
+12 4
+46 1
+1 3
-1 1
+1 9
cfn=(130) _dl_map_object_from_fd
calls=1 866 
* 1601
-1 1
+1 3
-1 1
+1 9
cfn=(130)
calls=1 866 
* 1910
* 6
2022 2
cfi=(13)
cfn=(28)
calls=1 79 
* 16
* 2
+2 2
+7 4
+36 12
cfn=(152)
calls=1 1779 
* 1373
+6 1
-6 1
+6 4
+88 2
+28 4
+2 4
2035 5
+8 4
-3 3
659 1
2041 1
659 3
2074 1
659 2
2055 4
+1 8
659 1
2057 1
659 2
2066 2
+1 2
+15 1
+14 2
+2 3
+4 2
cfi=(49)
cfn=(156)
calls=1 187 
* 1428
* 1
+2 2
+4 2
+8 3
+23 7
cfn=(124)
calls=1 1466 
* 243
+4 2
-4 1
+4 1
+1 2

fn=(80) fillin_rpath.isra.0
445 7
+4 1
-4 9
+6 3
cfi=(18)
cfn=(82)
calls=1 265 
* 284
* 3
cfi=(18)
cfn=(82)
calls=1 265 
* 9
* 6
+7 2
+2 3
cfn=(84)
calls=1 -82 
* 126
* 1
+4 2
+5 2
cfi=(13)
cfn=(28)
calls=1 79 
* 16
* 1
+1 2
+7 5
+9 17
+1 8
+55 2
+2 2
cob=(2)
cfi=(17)
cfn=(92)
calls=1 0 
* 5
* 1
-39 2
+4 9
cfi=(18)
cfn=(44)
calls=1 49 
* 24
* 1
+2 3
-2 1
+2 1
+5 1
+1 3
-2 1
+2 1
cfi=(19)
cfn=(76)
calls=1 122 
* 12
+3 2
-3 1
+1 1
+2 1
+6 3
+1 1
-1 1
+1 3
+1 1
-1 3
+1 7
-1 21
+3 1
+1 1
-1 1
+1 1
+7 1
+1 2
-57 4
+23 2
+43 1
+3 8
-15 2

fn=(130)
866 22
+10 2
-10 2
+10 2
-10 4
+10 2
cfi=(32)
cfn=(96)
calls=2 49 
* 16
* 2
+7 8
+61 8
+10 4
+7 8
+33 4
877 2
997 14
cfi=(16)
cfn=(36)
calls=2 59 
* 838
* 2
+1 4
+11 2
+5 2
-5 2
+1 4
+1 2
+2 2
-2 2
+2 4
+1 6
+1 4
+19 2
-2 2
+2 6
+8 2
-8 2
+8 4
-8 6
+8 2
-8 2
+8 4
+90 2
-6 2
-90 2
+30 2
+23 2
+43 2
-6 2
-91 2
+31 2
+66 2
-52 2
-50 4
+13 52
+17 2
+1 1
-19 57
+1 103
1144 2
1042 2
1144 2
+1 4
1042 6
1157 6
1010 4
1170 4
+10 4
fi=(43) ./elf/./dl-map-segments.h
56 4
fe=(26)
1180 6
fi=(43)
56 2
fe=(26)
1180 6
fi=(43)
56 4
-6 2
+6 4
-6 2
+6 2
cfi=(42)
cfn=(136)
calls=2 -5 
* 38
+4 4
-4 2
+4 2
+3 4
+1 2
+2 2
-3 2
+1 2
+2 2
+14 2
+2 2
fi=(44) ./elf/./dl-load.h
+8 16
+1 6
+2 16
fi=(43)
+11 32
+8 2
-2 2
+1 2
+2 2
-1 2
+1 2
-1 2
+3 4
+5 4
+3 4
+8 16
cfi=(29)
cfn=(78)
calls=2 -22 
* 312
+1 6
+5 4
+12 8
-59 40
+2 12
+2 6
-2 12
+2 48
cfi=(42)
cfn=(136)
calls=6 -43 
* 102
* 18
fe=(26)
1043 22
+23 24
+5 56
+10 16
-1 8
+4 16
-4 8
-1 8
+2 16
+2 8
-2 8
-1 8
+1 8
+1 8
-1 8
+2 8
+1 8
+4 16
+1 30
+5 6
-1 6
+1 6
-1 6
+1 24
-15 6
+15 12
+10 6
-10 2
-1 2
+1 2
-1 2
+1 8
-15 2
+15 4
+10 2
-55 4
+5 4
+1 8
+52 3
+4 1
+1 2
-58 1
+62 5
+1 1
+3 1
-3 1
+8 4
+15 4
+1 2
fi=(40) ./elf/../sysdeps/posix/dl-fileid.h
37 8
cfi=(41)
cfn=(134)
calls=2 -4 
* 20
* 4
fe=(26)
901 4
fi=(40)
40 2
+1 2
fe=(26)
901 2
fi=(40)
40 2
fe=(26)
901 2
fi=(40)
41 2
fe=(26)
901 21
+1 10
fi=(40)
49 12
fe=(26)
1417 18
920 4
fi=(43)
73 10
cfi=(52)
cfn=(166)
calls=1 +44 
* 5
* 3
fe=(26)
1192 8
+9 6
fi=(3)
42 2
+6 2
-2 2
+2 4
+15 2
+5 2
+3 2
-2 2
-2 2
-3 4
-1 40
+1 24
-16 8
+26 8
-26 53
+26 37
-26 74
+2 90
+17 70
fi=(44)
+27 4
+2 1
-1 2
+1 1
-1 1
+1 1
-1 1
+1 1
-1 2
+3 4
fi=(3)
-33 10
+3 8
+3 8
+1 4
+1 4
+8 4
+20 7
+1 8
+1 8
+1 8
+2 8
+5 8
+1 7
+1 8
+5 6
+5 4
+7 4
+1 6
+18 6
+5 2
+2 2
+2 2
+2 2
+3 6
+2 3
+1 2
+9 2
+5 2
+3 4
fe=(26)
1208 4
+2 4
+19 6
+19 4
+2 10
+48 6
+1 2
+3 2
cfi=(45)
cfn=(144)
calls=1 26 
* 5
* 2
cfi=(45)
cfn=(144)
calls=1 26 
* 5
* 4
+9 4
+2 8
+2 4
+16 4
cfi=(6)
cfn=(10)
calls=2 964 
* 46
+4 4
+1 4
+17 4
+4 2
+5 2
-5 2
+5 2
+10 4
+9 4
+1 4
+5 1
cfi=(33)
cfn=(168)
calls=1 107 
* 6
* 1
+7 3
cfi=(16)
cfn=(50)
calls=1 31 
* 45
* 3
cfi=(16)
cfn=(50)
calls=1 31 
* 41
+4 6
-44 2
fi=(43)
141 8
cfi=(42)
cfn=(136)
calls=1 -90 
* 17
+3 2
fe=(26)
1207 2

fn=(70)
681 1
+13 2
-13 8
+13 3
cfi=(27)
cfn=(72)
calls=1 42 
* 733
+5 1
-5 1
+5 1
cfi=(18)
cfn=(44)
calls=1 49 
* 24
* 1
-1 1
+2 2
+7 2
+1 4
-1 3
+4 4
cfi=(18)
cfn=(44)
calls=1 49 
* 24
* 1
* 2
+2 2
+7 1
+10 1
-2 2
+2 1
+3 2
+9 1
-7 1
+7 2
-3 1
-20 1
+12 1
+3 1
+8 1
-3 1
+1 16
cfi=(29)
cfn=(78)
calls=4 109 
* 48
+2 18
-14 3
+10 3
-10 3
+14 3
-12 6
+4 3
+4 3
-7 3
+3 3
+1 3
-2 3
+5 3
+1 3
-4 3
+4 3
+14 1
-11 1
+6 1
+1 1
+5 2
+2 4
+2 3
+38 5
-19 1
-2 1
+2 2
+21 3
cfi=(13)
cfn=(28)
calls=1 79 
* 16
* 8
cfi=(19)
cfn=(46)
calls=1 135 
* 10
* 1
+5 4
-1 2
+2 1
+1 1
-1 15
+1 13
-1 26
-1 56
+5 2
cfi=(18)
cfn=(44)
calls=1 49 
* 24
* 1
-1 1
+1 1
+1 2
+6 6
cfn=(80)
calls=1 445 
* 645
+3 3
+6 1
+4 8
-37 2

fl=(114) ./elf/dl-open.c
fn=(432) _dl_find_dso_for_object
201 5
+4 5
+1 4
+1 12
+1 2
-2 6
+5 2
+4 7

fl=(11)
fn=(20)
31 5
+2 2
+6 1
+1 1

fl=(34)
fn=(104)
30 1
+7 1
+1 1
+2 1
+1 1
+1 1
+1 1
+1 33
+3 2
+7 1
+1 1
+1 1
+1 1
+2 1
+1 1
+1 1
+1 1
+2 1
+1 1
+1 1
+9 3
+12 1
+2 1
+1 1
+1 1
-4 16
+2 16
+1 16
+1 16
+2 16
+1 16
+1 16
+2 16
+1 16
+1 16
+2 16
+1 16
+1 16
+6 1
+7 1
+4 1

ob=(2)
fl=(17)
fn=(644)
0 3

fn=(662)
0 3

fn=(414) 0x0000000004865308
0 2
cob=(3)
cfi=(110)
cfn=(416)
calls=2 3031 
0 75150

fn=(364)
0 6

fn=(652) 0x000000000482e040
0 1
cob=(3)
cfi=(144) ./stdlib/cxa_finalize.c
cfn=(628) __cxa_finalize
calls=1 30 
0 74

fn=(318)
0 6

fn=(626)
0 1
cob=(3)
cfi=(144)
cfn=(628)
calls=1 30 
0 74

fn=(92)
0 3
cob=(1)
cfi=(18)
cfn=(94)
calls=3 111 
0 12

ob=(4)
fl=(85)
fn=(656) 0x0000000000001050
0 5

fn=(646)
0 8
cob=(2)
cfi=(17)
cfn=(652)
calls=1 0 
0 75
0 1
cfn=(656)
calls=1 0 
0 5
0 3

fn=(322)
0 11

ob=(3)
fl=(69)
fn=(238)
41 3
-2 1
+2 1
-2 2
+14 1

fl=(88) ./string/../sysdeps/x86_64/multiarch/strrchr-avx2.S
fn=(334) __strrchr_avx2
43 1
+1 1
+2 1
+1 1
+3 1
+1 1
+1 1
+33 1
+1 1
+1 1
+1 1
+1 1
+1 1
+1 1
+1 1
+1 1
+1 1
+3 1
+1 1
+9 1
+1 1
+99 1
+1 1
+8 1
+1 1
+1 1
+1 1
+1 1
+2 1
+1 1
+1 1
+1 1
+1 1

fl=(129) ./string/../sysdeps/x86_64/multiarch/memmove-vec-unaligned-erms.S
fn=(510) __memcpy_avx_unaligned_erms
233 43
+6 43
+1 43
+58 43
+1 43
+2 18
+1 18
+23 25
+1 25
+1 25
+1 25
+1 25
+4 18
+1 18
+1 18
+1 18
+1 18

fn=(570) __mempcpy_avx_unaligned_erms
220 16824
+1 16824
+1 16824
+17 16824
+1 16824
+58 16824
+1 16824
+2 16819
+1 16819
+1 16609
+1 16609
+1 16410
+1 16410
+1 16391
+1 16391
+1 16391
+2 16391
+14 5
+1 5
+1 5
+1 5
+1 5
+4 210
+1 210
+1 210
+1 210
+1 210
+3 199
+1 199
+1 199
+1 199
+1 199
+3 19
+1 19
+1 19
+1 19
+1 19

fl=(103)
fn=(394)
25 72
+4 6
+1 12
-1 12
+1 6
-1 6
+1 6
-1 6
+1 6
-1 6
+1 6
cfi=(104) ./stdio-common/vfscanf-internal.c
cfn=(396) __vfscanf_internal
calls=6 278 
* 79548
+4 30

fl=(61)
fn=(248)
32 4
fi=(72) ./string/../sysdeps/x86_64/multiarch/strncase.c
-1 1
fe=(61)

fn=(272)
32 4
fi=(78) ./string/../sysdeps/x86_64/multiarch/strcasecmp_l.c
-1 1
fe=(61)

fn=(214)
32 4
fi=(62) ./string/../sysdeps/x86_64/multiarch/strcasecmp.c
-1 1
fe=(61)

fn=(296)
32 4
fi=(83) ./string/../sysdeps/x86_64/multiarch/strncase_l.c
-1 1
fe=(61)

fl=(132)
fn=(532)
82 63
+1 63
+1 63
+6 63
+2 63
+1 63
+2 63
+1 63
+1 63
+1 63
+1 63
+2 63
+1 63
+1 63
+1 63
+1 63
+1 63
+1 63
+1 63
+4 63
+1 63
+13 63
+1 63
+1 63
+2 63
+1 63

fl=(65)
fn=(242)
32 6
-2 10
fi=(149) ./wcsmbs/../sysdeps/x86_64/multiarch/wcschr.c
+1 2
fe=(65)

fn=(226)
32 6
-2 10
fi=(150) ./wcsmbs/../sysdeps/x86_64/multiarch/wmemchr.c
+1 2
fe=(65)

fn=(278)
32 3
-2 5
fi=(151) ./wcsmbs/../sysdeps/x86_64/multiarch/wcslen.c
-1 1
fe=(65)

fn=(228)
32 3
-2 6

fl=(98) ./setjmp/../sysdeps/x86_64/setjmp.S
fn=(376) __sigsetjmp
32 1
+9 1
+1 2
+1 1
+4 1
+1 1
+1 1
+1 1
+1 1
+2 2
+2 1
+1 1
+3 2
+2 1
+23 1
cfi=(99) ./setjmp/sigjmp.c
cfn=(378) __sigjmp_save
calls=1 -56 
* 8

fl=(112) ./malloc/arena.c
fn=(422) ptmalloc_init.part.0
289 5
+13 1
-8 1
+8 1
+6 3
fi=(110)
1795 4
+3 2
-3 3
+3 252
-3 378
+11 1
fe=(112)
313 2
fi=(110)
1807 1
fe=(112)
313 1
fi=(110)
1809 1
fe=(112)
313 2
cob=(1)
cfi=(101)
cfn=(389)
calls=1 72 
* 839
* 5
+1 4
cob=(1)
cfi=(8)
cfn=(26)
calls=1 +53 
* 19
* 1
+1 4
cob=(1)
cfi=(8)
cfn=(26)
calls=1 +52 
* 18
* 1
+1 4
cob=(1)
cfi=(8)
cfn=(26)
calls=1 +51 
* 19
* 1
+1 4
cob=(1)
cfi=(8)
cfn=(26)
calls=1 +50 
* 19
* 1
+1 4
cob=(1)
cfi=(8)
cfn=(26)
calls=1 +49 
* 18
* 1
+1 4
cob=(1)
cfi=(8)
cfn=(26)
calls=1 +48 
* 19
* 1
+1 4
cob=(1)
cfi=(8)
cfn=(26)
calls=1 +47 
* 19
* 1
+2 4
cob=(1)
cfi=(8)
cfn=(26)
calls=1 +45 
* 19
* 1
+1 4
cob=(1)
cfi=(8)
cfn=(26)
calls=1 +44 
* 19
* 1
+1 4
cob=(1)
cfi=(8)
cfn=(26)
calls=1 +43 
* 19
* 1
+3 4
cob=(1)
cfi=(8)
cfn=(26)
calls=1 +40 
* 19
* 1
+69 2
+1 2
+3 1
+1 6
-98 5
cfi=(113) ./elf/dl-addr.c
cfn=(424) _dl_addr
calls=1 126 
* 72477
* 2
+1 4

fl=(116) ./malloc/morecore.c
fn=(448) __default_morecore
46 2
+1 2
cfi=(117) ./misc/sbrk.c
cfn=(450) sbrk
calls=2 -15 
* 66
+2 6
+3 4

fl=(135) ./string/../sysdeps/x86_64/multiarch/strchr-avx2.S
fn=(548) __strchrnul_avx2
45 32674
+2 32674
+1 32674
+1 32674
+2 32674
+1 32674
+1 32674
+4 16407
+1 16407
+1 16407
+1 16407
+1 16407
+1 16407
+1 16407
+11 16267
+1 16267
+1 16267
+1 16267
+1 16267
+1 16267
+1 16267
+2 16267
+1 16267
+1 16267
+2 16262
+1 16262
+2 16262
+7 16262
+1 16262
+4 5
+5 5
+1 5
+1 5
+1 5
+1 5
+1 5
+1 5
+72 16412
+2 16412
+7 16412
+1 16412

fl=(124) ./stdlib/../stdlib/strtol_l.c
fn=(474) ____strtol_l_internal
226 12
+54 6
-54 24
+19 6
-19 24
+26 12
+31 24
+9 36
+2 12
+5 12
+5 6
-6 6
+7 18
+3 18
+10 12
+10 24
-82 12
434 24
310 6
450 6
+10 18
-10 6
+10 6
+12 12
-5 9
+5 9
+1 27
-41 18
+2 24
+2 27
+28 27
+3 18
+11 12
+5 18
+1 6
+5 12
325 12
492 18
-2 12
+17 30
+18 48

fl=(139) ./stdio-common/_itoa.c
fn=(586) _itoa_word
165 16207
+3 64828
+2 32414
+9 259900
+9 32414

fl=(141) ./stdlib/exit.c
fn=(612) __run_exit_handlers
40 10
+5 3
+11 3
fi=(96) ./stdlib/../sysdeps/unix/sysv/linux/x86/lowlevellock.h
-9 1
fe=(141)
+9 3
fi=(96)
-9 1
fe=(141)
+9 2
fi=(96)
-9 2
fe=(141)
+12 2
+2 5
+51 1
fi=(96)
-65 1
fe=(141)
+65 2
fi=(96)
-65 1
fe=(141)
+67 2
-44 6
+2 1
+1 1
-1 1
+4 4
+1 8
+29 1
+2 1
-5 1
+5 1
-2 2
+2 1
cob=(1)
cfi=(143)
cfn=(618)
calls=1 -78 
* 697
+1 1
+11 2
+1 2
+5 5
-61 1
+1 4
+63 2
+1 6
cfi=(106) ./libio/genops.c
cfn=(664) _IO_cleanup
calls=1 863 
* 626
* 3
+2 2
cfi=(147) ./posix/../sysdeps/unix/sysv/linux/_exit.c
cfn=(682) _Exit
calls=1 27 
* 4
-86 1
cfi=(142) ./stdlib/cxa_thread_atexit_impl.c
cfn=(614) __call_tls_dtors
calls=1 +99 
* 11
* 1

fn=(610) exit
138 1
+1 4
cfn=(612)
calls=1 -99 
* 1435

fl=(121) ./io/../sysdeps/unix/sysv/linux/read.c
fn=(466) read
26 1632
+1 272

fl=(91)
fn=(342) handle_intel.constprop.0
259 21
+2 9
+3 6
+8 6
+3 6
-2 3
+2 3
-5 6
+11 15
+5 6
+2 3
+1 3
-1 3
+5 12
cfn=(344) intel_check_word.constprop.0
calls=3 132 
* 993
+2 6
+3 15
cfn=(344)
calls=3 132 
* 317
+2 6
+19 33

fn=(344)
132 18
-4 24
+10 18
-10 6
+10 24
+2 12
+68 18
+3 36
-71 24
+2 15
+2 30
+8 30
+51 24
+22 12
fi=(92) ./string/../bits/stdlib-bsearch.h
28 12
-1 24
+8 66
-6 162
+2 162
+1 81
fe=(91)
+87 162
+3 81
fi=(92)
-85 30
fe=(91)
+97 3
255 24
-91 9
+3 9
-6 3
+3 6
+9 6
+1 6
+22 5
-32 15
+3 15
+4 16
+2 32
+2 14
+1 4
+5 3
+2 6
+2 3
+2 3
+1 3
-2 3
-1 3
+2 6
-2 3
+3 3
-2 9
+2 9
-11 10
+1 6
+1 2

fn=(340)
488 7
+14 2
769 1
+13 1
502 2
772 2
+2 1
+1 1
+2 1
-3 1
+5 1
-5 1
+4 3
+4 2
+3 2
+2 1
+1 1
+2 1
-3 1
+5 1
-5 1
+4 3
+15 1
+2 6
-2 1
+3 8
500 1
+4 1
-4 1
+4 1
cfn=(342)
calls=1 259 
* 457
+2 1
-2 1
+2 1
cfn=(342)
calls=1 259 
* 495
+5 1
-5 1
+5 1
cfn=(342)
calls=1 259 
* 520
* 1
+8 2
-9 1
+20 1
+5 2
+4 2
+8 6
+3 4
+6 2
-6 9
+6 6
+3 26
+14 2
+4 1
+3 1
+1 1
-4 1
+3 1
-3 1
+3 1
+6 4
-39 6
691 4
+1 5
+4 2
+73 2
564 2
+4 1
+1 1
-1 2
+1 1
+23 2
+8 2
+2 1
-2 6
+2 4
-2 1
+4 1
+23 2
-25 2
+2 6
+2 6
+3 2
+1 8
+2 4
+3 2
+5 1
+2 2
+1 1
+1 1
-2 2
+1 1
+1 1
+27 2
+1 2
+2 1
-1 1
+1 1
-24 2
-7 1
+11 2
+3 1
+2 4
+1 1
+5 2

fl=(147)
fn=(682)
27 1
+4 1
+2 2

fl=(125)
fn=(488)
34 5528
+3 2764
+1 7494
+5 6378
-5 266
cfi=(106)
cfn=(400) __uflow
calls=266 299 
* 50806

fl=(77)
fn=(266)
40 3
-2 1
+2 1
-2 2
+11 1

fl=(110)
fn=(444) _int_malloc
3513 7455
1208 2130
+2 5325
3553 8
+24 8
+61 1063
+2 1063
-2 1063
+2 2126
4147 9585
1210 2122
3553 2122
4131 2122
3577 2122
+58 8
+62 67
+1 6
3577 8
1210 8
3582 8
+2 8
-2 2114
+2 2114
+5 6354
4133 2126
3637 1063
4133 13819
3718 1063
-1 1063
-1 1063
+1 2126
+1 2128
-1 2
-1 2
+1 4
+1 4
-2 2128
+6 1064
+6 1064
+67 3192
-67 3192
-6 1
+6 1
+67 3
-67 3
3917 2130
+2 6
+3 2
-3 2
+3 4
+68 2130
+1 1065
+1 1065
-1 1065
+3 1065
-2 1065
+2 1065
-1 2130
+1 1065
+5 2130
+7 12756
-3 12762
4103 1065
+1 2130
+2 2130
+3 3196
+17 3
3638 6
4141 4
cfn=(446) sysmalloc
calls=1 2255 
* 227
* 1
+1 2
-22 3195
cfn=(454) alloc_perturb
calls=1065 1868 
* 4260
+1 1065
-7 1064
-3 1064
+1 1064
-1 1064
+3 1064
-1 1064
+1 1064
+2 1064
-2 5320
+2 1064
+3 2128

fn=(416)
3031 1064
-8 4256
+8 1064
+1 2128
1208 2126
+2 4252
3044 4252
+3 2126
+9 3189
+2 3189
cfn=(444)
calls=1063 3513 
* 159428
* 1063
+1 7441
+23 5315
1210 1059
3042 3177
+7 3186
-16 1
+49 3
-49 1
cfi=(111) ./malloc/hooks.c
cfn=(418) malloc_hook_ini
calls=1 30 
* 74949

fn=(417) malloc'2
3031 1
-8 4
+8 1
+1 2
1208 2
+2 4
3044 4
+12 3
+2 3
cfn=(444)
calls=1 3513 
* 149
* 1
+1 7
+23 5
1210 1
3042 3
-64 4
cfn=(440) tcache_init.part.0
calls=1 +3 
* 472
+69 2
+1 4
+1 3

fn=(440)
2981 1
-9 1
+9 6
fi=(115) ./malloc/../sysdeps/unix/sysv/linux/x86/lowlevellock.h
47 2
fe=(110)
2982 3
cfn=(444)
calls=1 3513 
* 358
* 1
+1 2
+8 4
+7 2
+2 1
+1 2
-1 1
+1 86
+3 2

fn=(446)
2255 8
+20 2
+11 2
+1 5
fi=(112)
536 3
fe=(110)
2302 4
+66 1
+1 3
+1 1
+9 4
+6 3
+3 3
2705 2
+1 1
+5 2
+3 2
+5 1
-2 1
+5 1
-6 1
+3 2
-1 1
+1 2
+1 1
-1 2
+1 1
+8 9
2379 5
-77 2
2449 2
+11 1
+8 2
+2 5
cfi=(116)
cfn=(448)
calls=1 46 
* 55
+4 3
-4 1
+4 1
+3 2
+1 2
+48 1
-2 2
+2 1
-2 2
+2 1
+6 2
-7 2
2662 1
-1 1
-1 1
+1 2
+1 1
-1 1
+1 1
+11 2
2535 4
+40 3
+22 2
+1 5
+2 1
+1 5
cfi=(116)
cfn=(448)
calls=1 46 
* 25
+12 3
-12 1
+12 1
+8 2
+1 2
+1 3

fn=(454)
1868 3195
+2 1065

fl=(66)
fn=(232)
34 1
-1 2
+1 1
-2 2
+2 3
+1 2
fi=(67) ./string/../sysdeps/x86_64/multiarch/memcmp.c
-6 1
fe=(66)

fl=(133)
fn=(542)
28 196044
+4 16337
+1 32674
-1 32674
+1 16337
-1 16337
+1 16337
-1 16337
+1 16337
-1 16337
+1 16337
cfi=(134) ./stdio-common/vfprintf-internal.c
cfn=(544) __vfprintf_internal
calls=16337 1289 
* 7808045
+4 81685

fl=(70)
fn=(240)
42 10
+4 4
-1 4
+6 4
+6 4
+2 10

fl=(138)
fn=(576)
33 1602
+2 267
cfi=(136) ./string/../sysdeps/x86_64/multiarch/strlen-avx2.S
cfn=(580) __strlen_avx2
calls=267 +20 
* 5073
* 267
+1 267
-1 267
+1 2937
fi=(119) ./libio/../sysdeps/unix/sysv/linux/x86/lowlevellock.h
+11 534
fe=(138)
-11 267
+3 267
-3 267
+3 267
-3 267
+3 534
-1 534
+2 267
fi=(120) ./libio/libioP.h
941 801
+2 534
+1 534
fe=(138)
40 801
cfi=(107) ./libio/fileops.c
cfn=(552) _IO_file_xsputn@@GLIBC_2.2.5
calls=267 1198 
* 16967
* 534
+1 1869
+1 1068
fi=(120)
884 534
+1 2670
fe=(138)
46 1869

fl=(86)
fn=(328)
52 3
+3 3
+14 1
+8 1
-10 1
+1 1
+1 1
+8 1
cfi=(87) ./misc/init-misc.c
cfn=(330) __init_misc
calls=1 -46 
* 58
+8 2
-5 1
cfi=(89) ./ctype/ctype-info.c
cfn=(336) __ctype_init
calls=1 -49 
* 16
-18 1
-7 1
+7 4

fl=(145) ./nptl/register-atfork.c
fn=(632) __unregister_atfork
79 4
+1 6
fi=(146) ./nptl/../sysdeps/unix/sysv/linux/x86/lowlevellock.h
-33 4
fi=(152) ./nptl/../malloc/dynarray-skeleton.c
239 2
fe=(145)
68 4
+38 8
+1 4

fl=(126)
fn=(498)
37 86
-5 301
+7 129
+8 602
+4 43
-4 86
+4 43
+1 43
+1 86
-1 43
+1 172
-2 43
+2 43
cfi=(127) ./libio/iogetline.c
cfn=(500) _IO_getline
calls=43 -19 
* 4250
+3 43
+1 43
-1 86
fi=(120)
885 430
fe=(126)
66 301
-10 86
+4 43
+3 172
fi=(120)
884 129
fe=(126)

fl=(117)
fn=(450)
32 4
+8 2
-8 4
+8 9
+4 4
+4 4
+12 5
-19 2
cfi=(118) ./misc/../sysdeps/unix/sysv/linux/x86_64/brk.c
cfn=(452) brk
calls=1 -10 
* 10
* 2
+4 2
+11 1
cfi=(118)
cfn=(452)
calls=1 -25 
* 10
* 2
+4 5

fl=(107)
fn=(552)
1198 147834
+7 49278
-7 197112
+6 132214
+9 33658
-2 67316
+17 50487
+1 16824
+3 16824
-3 16824
+3 33648
+2 16824
+2 16824
+2 50472
-2 16824
cfi=(129)
cfn=(570)
calls=16824 220 
* 285173
* 16824
+1 16824
+1 16824
-2 16824
+4 33648
+27 33648
+1 443502
-36 5
+12 5
fi=(120)
941 15
+2 10
+1 10
fe=(107)
1244 15
cfn=(560) _IO_file_overflow@@GLIBC_2.2.5
calls=5 732 
* 902
* 10
+6 10
+1 35
+2 10
+11 15
+1 20
cfi=(106)
cfn=(564) _IO_default_xsputn
calls=5 371 
* 280
+2 15

fn=(676) _IO_file_setbuf@@GLIBC_2.2.5
382 4
+1 2
cfi=(106)
cfn=(678) _IO_default_setbuf
calls=2 +69 
* 134
* 4
+4 4
-1 4
+2 6
+2 2
+1 4

fn=(562) _IO_do_write@@GLIBC_2.2.5
426 13
+1 1
-3 10
+2 5
cfn=(600) new_do_write
calls=5 +6 
* 510
* 5
+1 5
-1 15
+1 5

fn=(600)
432 5
fi=(120)
943 5
fe=(107)
432 10
fi=(120)
941 5
fe=(107)
432 5
fi=(120)
941 5
fe=(107)
432 5
fi=(120)
941 5
fe=(107)
432 25
+12 5
fi=(120)
943 10
fe=(107)
434 10
fi=(120)
944 10
fe=(107)
449 20
cfn=(604) _IO_file_write@@GLIBC_2.2.5
calls=5 1174 
* 220
+1 5
-1 5
+1 20
+2 5
+4 5
-4 15
+1 10
+3 15
-2 5
+4 45
-17 20
+14 15

fn=(404) _IO_file_underflow@@GLIBC_2.2.5
466 816
-4 2176
+7 544
+6 816
+3 544
+12 542
+7 2992
fi=(119)
47 272
fe=(107)
497 544
fi=(119)
47 272
fe=(107)
499 272
-2 272
+2 272
-2 272
+2 272
fi=(120)
941 544
fe=(107)
499 272
-2 272
fi=(120)
941 272
+2 272
-2 272
fe=(107)
499 544
fi=(120)
884 544
+1 2992
fe=(107)
506 544
cfi=(106)
cfn=(462) _IO_switch_to_get_mode
calls=272 164 
* 6528
+11 272
-5 272
fi=(120)
943 272
fe=(107)
512 272
fi=(120)
943 272
fe=(107)
512 272
+1 272
+2 272
-1 544
fi=(120)
944 544
fe=(107)
517 1088
cfn=(464) _IO_file_read
calls=272 1132 
* 3264
+2 544
+16 272
-9 272
+9 544
+2 544
+1 2176
-57 3
+5 2
cfi=(106)
cfn=(406) _IO_doallocbuf
calls=1 344 
* 75091
+4 3

fn=(560)
732 24
+1 18
+7 34
+37 5
-2 12
-32 2
+12 2
+9 3
+5 3
+2 2
-5 1
+5 1
+1 1
-5 1
+1 1
+4 4
+5 6
+11 6
-12 6
+12 12
-11 6
-1 6
cfn=(562)
calls=6 426 
* 569
-31 2
cfi=(106)
cfn=(406)
calls=1 344 
* 305
+1 1
+9 1
-9 4

fn=(410) _IO_file_stat
1147 2
+1 6
cfi=(109) ./io/../sysdeps/unix/sysv/linux/wordsize-64/fxstat.c
cfn=(412) _fxstat
calls=2 33 
* 20

fn=(464)
1132 272
+2 272
-1 272
+1 544
cfi=(121)
cfn=(466)
calls=272 26 
* 1904

fn=(604)
1174 30
+2 30
+5 5
cfi=(140) ./io/../sysdeps/unix/sysv/linux/write.c
cfn=(606) write
calls=5 26 
* 40
+1 10
+5 5
+1 5
-12 10
+4 15
+1 10
+10 15
+3 30
-4 15

fn=(680) _IO_file_sync@@GLIBC_2.2.5
793 8
+5 8
+2 2
+1 4
+11 4
+4 8

fl=(131)
fn=(522)
168 393
+5 131
+1 131
+1 5
+1 5
+8 5
+1 5
+3 5
+1 5
+10 5
+1 5
+1 5
+1 5
+1 5
+1 5
+1 5
+1 5
+1 5
+1 5
+1 5
+1 5
+1 5
+1 5
+2 10
+1 10
+1 10
+1 10
+1 10
+1 10
+1 10
+1 5
+1 5
+11 126
+1 126
+2 126
+1 126
+1 126
+1 126
+1 126
+32 126
+1 126
+1 126
+1 126

fl=(81)
fn=(290)
34 1
-1 2
+1 1
-2 2
+2 3
+1 2
fi=(82) ./wcsmbs/../sysdeps/x86_64/multiarch/wmemcmp.c
-6 1
fe=(81)

fl=(95) ./stdlib/cxa_atexit.c
fn=(354) __cxa_atexit
70 2
cfn=(356) __internal_atexit
calls=1 -34 
* 70

fn=(360) __new_exitfn
88 2
-6 4
+11 4
-10 2
+12 4
-2 1
+10 1
-10 3
+45 1
+5 1
-4 1
+4 4
-18 1
-1 1
+1 1

fn=(356)
36 5
+5 6
+2 1
fi=(96)
+4 1
fe=(95)
-4 2
fi=(96)
+4 2
fe=(95)
-3 2
cfn=(360)
calls=1 +44 
* 31
+2 2
+7 1
+3 1
-3 2
+4 1
-2 1
+3 1
+1 4
+2 7

fl=(113)
fn=(424)
126 2
+2 1
-2 8
+5 1
-5 1
+5 2
cob=(1)
cfi=(2)
cfn=(52)
calls=1 841 
* 2
+2 2
cob=(1)
cfi=(101)
cfn=(389)
calls=1 -61 
* 923
* 5
+2 3
30 1
+1 1
-1 1
+1 1
+3 2
+5 1
+6 1
-7 1
+2 3
+2 3
+3 2
+4 5
-5 4
+5 4043
+2 1010
+1 2020
-1 1
+1 2
+2 2757
+10 9308
+1 14980
+5 7074
-10 7074
+1 14148
+2 7043
+37 2
+1 1
+1 3
+3 2
+36 2
cob=(1)
cfi=(2)
cfn=(54)
calls=1 847 
* 2
+3 9
-79 2016
+52 1
+21 1
-20 2

fl=(127)
fn=(502) _IO_getline_info
49 559
+2 86
+2 129
+2 172
+28 43
+2 215
cfi=(128) ./string/../sysdeps/x86_64/multiarch/memchr-avx2.S
cfn=(506) __memchr_avx2
calls=43 -42 
* 946
* 43
* 43
+1 86
-29 129
+1 86
+31 43
+1 43
-2 86
+1 43
+1 86
+2 43
+2 86
+2 215
cfi=(129)
cfn=(510)
calls=43 233 
* 466
* 43
+1 43
+1 43
-1 43
+10 344

fn=(500)
34 86
cfn=(502)
calls=43 +15 
* 4164

fl=(76)
fn=(262)
37 5
+6 1

fl=(108) ./libio/filedoalloc.c
fn=(408) _IO_file_doallocate
78 16
+6 8
fi=(120)
941 6
+2 4
+1 4
fe=(108)
84 6
cfi=(107)
cfn=(410)
calls=2 1147 
* 28
* 4
+2 8
+11 8
+4 4
cob=(2)
cfi=(17)
cfn=(414)
calls=2 0 
* 75152
* 2
+1 4
+2 8
cfi=(106)
cfn=(456) _IO_setb
calls=2 329 
* 54
+1 2
+1 16
-15 1
fi=(153) ./libio/../include/sys/sysmacros.h
-44 6
fe=(108)
+44 1
-2 2
+5 2

fl=(99)
fn=(378)
28 2
+2 2
-1 1
+5 3

fl=(118)
fn=(452)
31 12
+2 4
+6 2
+1 2

fl=(109)
fn=(412)
33 6
+1 4
+1 8
+4 2

fl=(144)
fn=(628)
30 16
+3 2
fi=(96)
+14 2
fe=(144)
-14 4
fi=(96)
+14 4
+4 2
fe=(144)
-15 6
+4 14
-4 6
+58 8
+4 14
-4 6
+12 4
+1 4
cfi=(145)
cfn=(632)
calls=2 -28 
* 32
+2 8
+1 16

fl=(58)
fn=(230)
45 3
-1 2
+5 2
-1 2
+12 2
+2 5

fn=(208)
45 6
-1 4
+5 4
-1 4
+12 4
+2 10

fn=(256)
45 3
-1 2
+5 2
-1 2
+12 2
+2 5

fl=(90)
fn=(338)
84 4
+1 3
+1 3
+2 1

fl=(136)
fn=(556) __strnlen_avx2
45 130
+1 130
+7 130
+2 130
+1 130
+1 130
+3 130
+1 130
+1 130
+3 130
+1 130
+1 130
+3 130
261 130
+2 130
+1 130
+56 130
+4 130
+1 130

fn=(580)
55 267
+1 267
+1 267
+3 267
+1 267
+1 267
+3 63
+1 63
+1 63
+8 63
+19 204
+1 204
+1 204
+1 204
+2 204
+1 204
+1 204
+1 141
+6 141
+1 141
+1 141
+4 141
+1 141
+16 63
+10 63
+1 63
+1 63
+1 63
335 126
+1 126
+1 126
+4 126
+1 126

fl=(142)
fn=(614)
145 3
+1 4
+18 4

fl=(68)
fn=(236)
41 6
-2 2
+2 2
-2 4
+15 2

fl=(106)
fn=(456)
329 18
+1 8
+5 4
-3 2
+3 4
-2 2
+2 4
+3 12

fn=(406)
344 4
-1 6
+3 8
+1 2
fi=(120)
941 6
+2 4
+1 4
fe=(106)
347 4
cfi=(108)
cfn=(408)
calls=2 78 
* 75346
* 4
+3 8

fn=(400)
299 1088
+1 816
+5 544
+3 816
+2 544
+6 544
+7 272
fi=(120)
941 816
+2 544
+1 544
fe=(106)
323 272
+1 272
-1 272
+1 544
-1 272
cfn=(402) _IO_default_uflow
calls=272 +38 
* 117529
-23 544
+21 816

fn=(678)
452 2
fi=(120)
941 2
fe=(106)
452 8
fi=(120)
941 2
fe=(106)
452 2
fi=(120)
941 2
fe=(106)
452 4
+1 2
fi=(120)
943 4
+1 4
fe=(106)
453 4
cfi=(107)
cfn=(680)
calls=2 793 
* 34
* 4
+4 2
330 2
462 2
-7 4
337 2
-5 2
467 2
333 2
+4 2
465 6
+1 6
+2 12
-11 2
+1 4
-1 2
330 8

fn=(564)
371 45
+3 10
fi=(120)
941 35
fe=(106)
389 10
+8 5
+2 10
-20 20
+2 5
+1 10
+2 10
+19 5
+1 40
fi=(120)
947 10
fe=(106)
394 10
-1 15
+1 8
-1 12
+1 20

fn=(462)
164 1088
+1 816
+3 816
+4 544
+1 544
+7 272
-4 272
+4 272
-2 544
+3 272
+1 1088

fn=(664)
863 1
+3 1
-3 9
+3 1
cfn=(666) _IO_flush_all_lockp
calls=1 686 
* 258
-80 1
+80 1
-80 2
+1 6
fi=(119)
47 2
fe=(106)
787 2
+3 1
-3 2
+3 2
fi=(120)
941 4
fe=(106)
807 2
+31 3
-48 9
+9 9
+2 6
+6 16
fi=(119)
47 4
fe=(106)
807 4
+8 10
+9 2
fi=(120)
943 4
+1 4
fe=(106)
824 8
cfi=(107)
cfn=(676)
calls=2 382 
* 164
+2 6
+4 10
+1 20
+11 10
+1 2
+35 12
-92 4
+31 4
+2 2
+1 2
-1 2
+2 6
-14 8

fn=(666)
686 8
+5 6
+1 6
fi=(119)
47 2
fe=(106)
692 2
+3 1
-8 1
+5 2
+3 2
fi=(120)
941 3
fe=(106)
699 2
+7 1
fi=(120)
943 2
+1 2
fe=(106)
706 3
cfi=(107)
cfn=(560)
calls=1 +26 
* 136
+1 3
+2 6
+2 3
-16 9
+2 3
+1 6
+3 20
+14 10
+1 3
+4 12
-29 4

fn=(402)
361 272
fi=(120)
941 544
fe=(106)
361 272
fi=(120)
941 272
fe=(106)
361 544
+1 272
fi=(120)
943 544
+1 544
fe=(106)
362 544
cfi=(107)
cfn=(404)
calls=272 466 
* 111001
+1 544
+2 1088
+1 1088

fn=(468) _IO_sputbackc
635 48
+3 36
+1 24
+9 12
+3 48
-10 24
+1 12
+5 12

fl=(64)
fn=(222)
32 3
-2 5
fi=(154) ./string/../sysdeps/x86_64/multiarch/strrchr.c
-2 1
fe=(64)

fn=(270)
32 3
-2 5
fi=(155) ./string/../sysdeps/x86_64/multiarch/memrchr.c
-1 1
fe=(64)

fn=(244)
32 6
-2 10
fi=(156) ./string/../sysdeps/x86_64/multiarch/strnlen.c
+1 2
fe=(64)

fn=(294)
32 3
-2 5
fi=(157) ./string/../sysdeps/x86_64/multiarch/strchrnul.c
+1 1
fe=(64)

fn=(224)
32 3
-2 5
fi=(158) ./string/../sysdeps/x86_64/multiarch/rawmemchr.c
+1 1
fe=(64)

fn=(268)
32 3
-2 5
fi=(159) ./string/../sysdeps/x86_64/multiarch/strlen.c
-1 1
fe=(64)

fn=(276)
32 3
-2 5
fi=(160) ./string/../sysdeps/x86_64/multiarch/memchr.c
-1 1
fe=(64)

fl=(87)
fn=(330)
31 2
-1 4
+1 3
+2 3
cfi=(88)
cfn=(334)
calls=1 +10 
* 33
* 1
+4 5
+1 3
+2 4

fl=(75)
fn=(260)
32 4
-2 2
+2 6
-2 4
+5 2
-1 2
+1 2
-1 6
fi=(161) ./wcsmbs/../sysdeps/x86_64/multiarch/wmemset.c
-3 4
fe=(75)

fl=(71)
fn=(246)
30 5
fi=(162) ./string/../sysdeps/x86_64/multiarch/strcspn.c
-1 1
fe=(71)

fn=(264)
30 5
fi=(163) ./string/../sysdeps/x86_64/multiarch/strpbrk.c
-1 1
fe=(71)

fn=(280)
30 5
fi=(164) ./string/../sysdeps/x86_64/multiarch/strspn.c
-1 1
fe=(71)

fl=(140)
fn=(606)
26 35
+1 5

fl=(74)
fn=(258)
40 3
-2 1
+2 1
-2 2
+11 1

fl=(89)
fn=(336)
31 7
+2 4
+2 4
+1 1

fl=(111)
fn=(418)
30 1
-1 2
+1 1
fi=(112)
291 4
cfn=(422)
calls=1 -2 
* 74263
fe=(111)
32 1
+1 1
-1 1
cfi=(110)
cfn=(417)
calls=1 3031 
* 675

fl=(128)
fn=(506)
43 43
+1 43
+2 43
+2 43
+9 43
+3 43
+1 43
+1 43
+32 43
+1 43
+1 43
+1 43
+2 43
+1 43
+1 43
+1 43
+3 43
+1 43
+2 43
+1 43
+1 43
+1 43

fl=(134)
fn=(544)
1289 196044
+31 81685
+8 49012
+4 81685
+11 49011
+11 32674
fi=(165) ./stdio-common/printf-parse.h
111 32674
fe=(134)
1354 32674
fi=(165)
111 16337
cfi=(135)
cfn=(548)
calls=16337 -66 
* 294363
* 16337
fe=(134)
1369 32674
fi=(165)
111 16337
fe=(134)
1365 16337
+4 16337
+4 16337
fi=(137) ./stdio-common/../libio/libioP.h
941 16337
+2 16337
-2 32674
+2 16337
-2 16337
+2 16337
+1 32674
fe=(134)
1373 98022
cfi=(107)
cfn=(552)
calls=16337 1198 
* 311097
* 65348
+4 16337
-4 16337
+4 32674
+4 114359
-57 16337
+57 16337
-23 16337
-8 16337
+73 130696
-13 16337
-1 16337
+14 16337
-3 16337
-4 16337
-9 16337
+16 16337
-15 16337
+7 16337
-3 16337
+11 32674
-17 16337
-1 16337
+18 32674
-19 16337
-1 16337
+20 16337
-3 16337
-9 16337
-9 16337
+17 32674
-91 32672
1741 114359
+1 49011
+3 196044
1369 114359
+1 114359
fi=(105) ./stdio-common/../sysdeps/unix/sysv/linux/x86/lowlevellock.h
47 32674
fe=(134)
1370 65348
1741 98022
-36 16337
+2 32674
+8 16337
fi=(165)
111 32674
fe=(134)
1715 16337
fi=(165)
111 16337
fe=(134)
1715 16337
fi=(165)
111 16337
cfi=(135)
cfn=(548)
calls=16337 -66 
* 358872
* 16337
fe=(134)
1719 16337
-4 16337
+4 49011
fi=(137)
943 49011
+1 32674
fe=(134)
1719 98022
cfi=(107)
cfn=(552)
calls=16337 1198 
* 320226
* 212381
+2 49011
-33 2730
cfi=(136)
cfn=(556)
calls=130 45 
* 2470
* 130
* 1300
fi=(137)
943 390
+1 390
fe=(134)
1688 650
cfi=(107)
cfn=(552)
calls=130 1198 
* 8880
* 1430
-1 178277
cfi=(139)
cfn=(586)
calls=16207 165 
* 405763
* 504681
fi=(137)
943 48621
+1 32414
fe=(134)
1687 97242
cfi=(107)
cfn=(552)
calls=16207 1198 
* 1070417
* 178277
-27 176
+21 16
-21 112
+7 160
-2 16
+1 16
+1 128
+20 145975
1574 390
+1 390
+69 1690
+43 150957
+1 32414
-1 175415
1579 390
+1 520
+15 1040
+3 520
+18 650
+71 161910
-43 390
+43 32414

fl=(59)
fn=(210)
36 3
-2 1
+2 1
-2 2
fi=(60) ./string/../sysdeps/x86_64/multiarch/strncpy.c
-5 1
fe=(59)

fn=(218)
36 3
-2 1
+2 1
-2 2
fi=(63) ./string/../sysdeps/x86_64/multiarch/strcat.c
-5 1
fe=(59)

fn=(252)
36 3
-2 1
+2 1
-2 2
fi=(73) ./string/../sysdeps/x86_64/multiarch/strcpy.c
-5 1
fe=(59)

fn=(282)
36 3
-2 1
+2 1
-2 2
fi=(79) ./string/../sysdeps/x86_64/multiarch/stpncpy.c
-3 1
fe=(59)

fn=(286)
36 3
-2 1
+2 1
-2 2
fi=(80) ./string/../sysdeps/x86_64/multiarch/stpcpy.c
-1 1
fe=(59)

fl=(123) ./stdlib/../stdlib/strtol.c
fn=(472) __strtol_internal
98 18
cfi=(124)
cfn=(474)
calls=6 226 
* 669

fl=(104)
fn=(396)
278 84
+10 6
-8 6
+8 12
+1 6
fi=(122) ./stdio-common/../include/scratch_buffer.h
78 6
fe=(104)
289 6
fi=(122)
77 12
fe=(104)
339 6
fi=(122)
77 6
fe=(104)
339 24
+6 19
+3 30
+4 12
+20 6
-13 6
+13 6
-13 6
+6 6
+2 24
+5 84
fi=(105)
47 18
fe=(104)
372 18
+9 6
-4 6
+4 18
-49 6
-49 6
+1 6
+9 6
-11 6
503 12
328 6
503 6
327 6
-1 6
-1 6
-12 6
503 6
-85 12
+23 24
+1 12
-61 18
3020 24
345 10
3030 90
fi=(122)
85 18
fe=(104)
3034 12
+17 12
+6 72
206 6
+16 6
+1 12
487 30
+44 66
+80 12
+4 12
+1 6
-1 6
+1 12
+1 18
+3 12
+1 42
+6 18
+3 12
-3 6
+3 24
-3 12
+4 30
+1 54
cfi=(106)
cfn=(468)
calls=6 +3 
* 108
+4 48
-9 12
cfi=(106)
cfn=(400)
calls=6 299 
* 76243
* 18
481 6
+22 24
+21 18
+4 6
+3 12
+75 6
+1 6
+4 6
-4 6
+10 18
1397 66
+5 18
+9 12
+26 30
1732 12
fi=(122)
113 36
fe=(104)
1739 72
260 18
1796 9
260 18
+3 27
1798 36
+2 81
-68 18
+2 30
+2 24
+67 12
206 6
1810 12
214 12
1811 12
+28 36
cfi=(106)
cfn=(468)
calls=6 635 
* 108
260 24
+3 18
1843 12
1668 6
206 6
1861 12
1668 12
1860 18
+1 6
cfi=(123)
cfn=(472)
calls=6 98 
* 687
* 6
+6 18
+3 24
+6 12
-4 12
+4 12
+23 6
381 12
1389 6
-1 6
+2 6
1741 24
1434 24
1812 6
+1 6
+65 12
+2 12
+1 18
+14 60

fl=(94)
fn=(352)
137 10
+4 1
-4 3
+4 3
+96 2
+1 3
cfi=(95)
cfn=(354)
calls=1 70 
* 72
+22 4
+3 2
+1 5
cob=(5)
cfi=(93)
cfn=(362)
calls=1 0 
* 50
+4 4
+15 2
+12 2
cfi=(97) ./setjmp/../sysdeps/x86_64/bsd-_setjmp.S
cfn=(374) _setjmp
calls=1 30 
* 28
+1 2
+5 2
+1 2
+3 2
+3 6
cob=(5)
cfi=(100)
cfn=(380)
calls=1 855 
* 9828698
* 1
+34 1
cfi=(141)
cfn=(610)
calls=1 138 
* 1440

fl=(97)
fn=(374)
30 1
+2 1
cfi=(98)
cfn=(376)
calls=1 * 
* 26

totals: 9937718
