# callgrind format
version: 1
creator: callgrind-3.16.1
pid: 4553
cmd:  ./main
part: 1


desc: I1 cache: 
desc: D1 cache: 
desc: LL cache: 

desc: Timerange: Basic block 0 - 12364198
desc: Trigger: Program termination

positions: line
events: Ir
summary: 63759724


ob=(5) /mnt/c/Users/Pietro Ammaturo/github/WordChecker/main
fl=(93) ???
fn=(614) 0x0000000000001350
0 8
cob=(2) ???
cfi=(17) ???
cfn=(620) 0x00000000001090c0
calls=1 0 
0 75
0 1
cfn=(632) 0x00000000000012e0
calls=1 0 
0 5
0 3

fn=(632)
0 5

fn=(362) __libc_csu_init
0 14
cob=(2)
cfi=(17)
cfn=(364) 0x0000000000109000
calls=1 0 
0 6
0 8
cfn=(368) 0x0000000000001390
calls=1 0 
0 11
0 11

fn=(350) _start
0 11
cob=(3) /lib/x86_64-linux-gnu/libc-2.31.so
cfi=(94) ./csu/../csu/libc-start.c
cfn=(352) (below main)
calls=1 137 
0 63652351

fn=(368)
0 11

fl=(100) /mnt/c/Users/Pietro Ammaturo/github/WordChecker/main.c
fn=(572) countFiltered
561 48520
+3 18195
+5 142443
-1 142443
+3 48520
-7 39297
+1 26198

fn=(476) addNode
248 1
+2 1
-2 7
+2 1
cob=(1) /lib/x86_64-linux-gnu/ld-2.31.so
cfi=(101) ./elf/../sysdeps/x86_64/dl-trampoline.h
cfn=(388) _dl_runtime_resolve_xsave
calls=1 72 
* 849
* 5
* 1
+1 2
+2 2
+7 1
-5 1
+1 1
+1 1
+3 1
+3 1
+7 7

fn=(532) compareWords
595 912
+3 1254
197 690
601 920
+19 288
+4 576
-2 288
-24 288
+26 288
-26 576
+2 570
192 570
600 570
192 1140
+2 680
601 1020
+3 282
+6 282
+3 282
-3 282
-4 282
-8 282
+12 1128
+3 282
+2 282
-17 1104
+31 60
192 60
629 60
192 120
598 432
+31 54
192 54
629 54
192 108
629 456
192 456
629 456
192 912
+5 690
632 1140
-2 1140
+2 10316
+3 6572
+3 256
+8 77
-2 77
+2 77
+2 77
+11 77
+10 231
-3 539
+3 1479
-3 3451
+3 1232
-3 8624
+10 1140
-49 2394
+42 228
+19 14592
+4 21519
+2 38
-9 21888
+48 114
-34 114
+34 114
-34 114
+34 114
-34 114
+34 114
-34 114
+34 228
-34 114
cob=(3)
cfi=(133) ./stdio-common/printf.c
cfn=(538) printf
calls=113 28 
* 61014
cob=(1)
cfi=(101)
cfn=(388)
calls=1 72 
* 1668
* 118
199 460
655 102
194 680
+5 460
680 1416
-2 531
+2 708
-2 2301
-19 986
+2 102
+1 102

fn=(524) findWord
228 262
+2 524
+2 393
-2 131
+2 131
482 262
232 524
-2 524
+2 524
482 15328
+3 652
228 1929
+13 238
-2 12
+3 12

fn=(568) filterDictionary
496 696
+5 348
+55 464
+1 2784
-1 2784
+3 464
-1 636
cfn=(569) filterDictionary'2
calls=212 -62 
* 17354996
* 212

fn=(569)
496 385290
+5 192645
192 64215
503 64215
192 128430
+5 96042
-3 32201
510 96603
-4 32201
-2 32201
+6 32201
-4 32201
+4 32201
+3 161005
-3 32014
-4 32014
-2 32014
+6 32014
-4 32014
+4 32014
+3 160070
+10 140314
+10 165461
+5 55634
-3 194719
+3 2651418
-3 9279963
+9 55634
+8 39300
cfn=(570) lowerCounters
calls=13100 420 
* 340474
* 13100
+4 39300
+1 207453
-1 207453
+3 87568
-1 192009
cfn=(569)
calls=64003 -62 
* 67347261
* 64003
199 32014
510 64028
199 86658
383 55222
-6 1780
+2 356
+4 712
-6 81966
+2 27322
+4 54644
559 42323
-40 42323
+40 42323
-40 42323
+40 42323
-40 42323
cfn=(570)
calls=42323 -99 
* 1077138
* 568
383 586
-6 80
+2 16
+4 32
-6 852
+2 284
+4 59727
-6 725
+2 145
+4 290
-6 44151
+2 14717
+4 29437

fn=(570)
420 166269
197 88866
422 29622
-2 29622
+3 447402
192 59908
420 59908
192 119816
+2 30286
422 30286
-2 90858
+3 90858
+1 55423
199 29622
420 59244
199 29622

fn=(490) addWord
272 256200
+1 32025
+8 128100
-3 32025
+3 96075
+3 160125
-3 32025
+3 32025
cfn=(492) findOrAddChild
calls=32025 433 
* 2080495
* 640500
-3 128100
+3 128100
cfn=(492)
calls=128100 433 
* 23045892
* 160125
+2 320250
-5 320250
+8 288225

fn=(492)
433 1120875
+4 160125
-4 480375
+4 160125
-4 320250
+4 5129730
+3 147510
+5 477810
+6 107550
+2 967950
-2 52575
+2 521355
+6 48180
cob=(3)
cfi=(110) ./malloc/malloc.c
cfn=(416) malloc
calls=24090 3031 
* 4722405
* 24090
* 25230
cob=(3)
cfi=(110)
cfn=(416)
calls=12615 3031 
* 2472999
* 12615
+2 73410
+2 36705
250 36705
463 36705
250 36705
cob=(3)
cfi=(110)
cfn=(416)
calls=36705 3031 
* 7196169
* 36705
+1 73410
-1 36705
+1 36705
+2 73410
+1 36705
+3 36705
-2 36705
+1 36705
+1 36705
+3 73410
+3 36705
464 36705
+2 73410
+2 97549

fn=(514) startMatch
735 140
+7 70
+1 10
-1 10
+1 10
cob=(3)
cfi=(125) ./libio/getc.c
cfn=(488) getc
calls=10 34 
* 2040
* 10
* 40
-1 40
+1 40
cob=(3)
cfi=(125)
cfn=(488)
calls=40 34 
* 680
* 40
* 50
-1 100
+3 20
cob=(3)
cfi=(125)
cfn=(488)
calls=10 34 
* 170
* 10
+2 40
cob=(3)
cfi=(103) ./stdio-common/isoc99_scanf.c
cfn=(394) __isoc99_scanf
calls=10 25 
* 7802
* 10
+5 40
cob=(3)
cfi=(125)
cfn=(488)
calls=20 34 
* 2210
* 20
* 20
+1 80
+3 20
+2 60
cob=(3)
cfi=(131) ./string/../sysdeps/x86_64/multiarch/memset-vec-unaligned-erms.S
cfn=(522) __memset_avx2_unaligned_erms
calls=9 168 
* 369
cob=(1)
cfi=(101)
cfn=(388)
calls=1 72 
* 707
* 14
+3 60
209 10
761 10
+3 10
-3 350
+3 390
+2 10
209 60
-12 54
767 50
-1 50
+1 50
-1 100
+1 50
192 50
767 50
192 100
+2 64
+5 36
770 10
570 10
773 10
-3 10
+4 10
570 10
770 30
+4 50
+3 30
+24 786
+2 131
+1 131
-3 131
+3 131
cob=(3)
cfi=(125)
cfn=(488)
calls=131 34 
* 2227
* 131
-1 524
+1 524
-3 524
+3 524
cob=(3)
cfi=(125)
cfn=(488)
calls=524 34 
* 8908
* 524
-3 1310
+6 524
cfn=(524)
calls=131 228 
* 21446
* 262
+34 24
cob=(3)
cfi=(139) ./libio/ioputs.c
cfn=(580) puts
calls=11 33 
* 1683
cob=(1)
cfi=(101)
cfn=(388)
calls=1 72 
* 832
* 16
+4 278
+7 10
cob=(3)
cfi=(139)
cfn=(580)
calls=5 33 
* 785
* 5
+1 10
cfn=(594) validBranch
calls=5 321 
* 2018567
+4 80
-10 268
cob=(3)
cfi=(125)
cfn=(488)
calls=134 34 
* 27336
* 134
-73 268
+3 268
+2 65
cob=(3)
cfi=(126) ./libio/iofgets.c
cfn=(498) fgets
calls=13 37 
* 2197
* 13
+3 100
+3 44
cfn=(592) printDictionary
calls=11 577 
* 1199865
* 11
+3 16
+2 8
cfn=(482) addWords
calls=2 291 
* 29564
+2 6
-2 2
+2 2
cob=(3)
cfi=(126)
cfn=(498)
calls=2 37 
* 342
* 2
+3 8
cfn=(568)
calls=2 496 
* 1147
* 2
+16 357
-1 119
+1 119
cob=(3)
cfi=(132) ./string/../sysdeps/x86_64/multiarch/strcmp-avx2.S
cfn=(530) __strncmp_avx2
calls=118 82 
* 3058
cob=(1)
cfi=(101)
cfn=(388)
calls=1 72 
* 708
* 123
* 238
+11 342
+3 114
-3 228
+3 228
-3 3762
-4 114
+7 684
cfn=(532)
calls=114 595 
* 188156
+4 4104
338 570
+1 2736
-1 2736
+4 114
+1 114
834 228
342 114
834 228
cfn=(568)
calls=114 496 
* 17362237
564 342
+5 2736
-1 2736
837 456
cob=(3)
cfi=(133)
cfn=(538)
calls=114 28 
* 63571
* 114
* 114
340 208
cfn=(590) resetFiltered
calls=208 -6 
* 1325247
* 208
564 402
+5 471
-1 3216
+1 2814
-5 1290
+5 1540
-1 10320
+1 9030
-5 4926
+5 4926
-1 39408
+1 34482
+1 12130
cfn=(572)
calls=6065 -9 
* 465616
* 6065
813 10
cob=(3)
cfi=(139)
cfn=(580)
calls=5 33 
* 805
* 5
+1 10
cfn=(594)
calls=5 321 
* 2018721
+1 5

fn=(592)
577 55
+4 33
+5 33
+5 264
-1 264
+3 44
-1 51
cfn=(593) printDictionary'2
calls=17 -15 
* 1199104
* 17

fn=(593)
577 15755
+4 9453
+5 9453
+5 27246
-1 27246
+3 4616
-1 9402
cfn=(593)
calls=3134 -15 
* 4686227
* 3134
+1 1997
-6 7988
+6 3994
-6 1997
cob=(3)
cfi=(133)
cfn=(538)
calls=1997 28 
* 1074826
* 1997

fn=(380) main
859 1
+11 2
-11 6
+11 2
cob=(1)
cfi=(101)
cfn=(388)
calls=1 72 
* 76551
* 5
+3 6
cfn=(476)
calls=1 248 
* 882
+3 1
-3 1
+3 3
cob=(3)
cfi=(110)
cfn=(416)
calls=1 3031 
* 191
* 1
+2 1
-2 2
+2 1
cob=(3)
cfi=(110)
cfn=(416)
calls=1 3031 
* 189
* 1
+2 1
-2 1
+2 1
cob=(3)
cfi=(110)
cfn=(416)
calls=1 3031 
* 189
* 1
+2 1
-2 2
+2 1
cob=(3)
cfi=(110)
cfn=(416)
calls=1 3031 
* 189
* 1
+2 1
-2 1
+2 1
cob=(3)
cfi=(110)
cfn=(416)
calls=1 3031 
* 189
* 1
* 1
+2 12
+3 5
cfn=(482)
calls=1 291 
* 38644789
+12 1
+5 2
-17 1
+14 3
+11 20
cob=(3)
cfi=(125)
cfn=(488)
calls=10 34 
* 2040
* 10
-19 20
+2 40
cob=(3)
cfi=(126)
cfn=(498)
calls=9 37 
* 1539
cob=(1)
cfi=(101)
cfn=(388)
calls=1 72 
* 815
* 14
+4 80
+2 100
cfn=(514)
calls=10 735 
* 24922747
* 30
+20 9

fn=(482)
291 27
+7 6
cob=(3)
cfi=(125)
cfn=(488)
calls=2 34 
* 408
cob=(1)
cfi=(101)
cfn=(388)
calls=1 72 
* 684
* 7
* 2
cob=(3)
cfi=(125)
cfn=(488)
calls=1 34 
* 204
* 1
+1 16
+3 15
+3 128100
+2 32025
+1 32025
-3 32025
+3 32025
cob=(3)
cfi=(125)
cfn=(488)
calls=32025 34 
* 544425
* 32025
-1 128100
+1 128100
-3 128100
+3 128100
cob=(3)
cfi=(125)
cfn=(488)
calls=128100 34 
* 2177700
* 128100
-3 320250
+6 128100
cfn=(490)
calls=32025 -39 
* 27880537
+2 64050
cob=(3)
cfi=(125)
cfn=(488)
calls=32025 34 
* 6533100
* 32025
-11 64050
+16 21

fn=(590)
334 1456
+4 208
-4 208
+4 416
+1 6656
-1 4992
+4 624
+1 208
+1 1664
-6 2944
+1 23552
-1 18400
+4 2208
+1 736
+1 736
-6 14445
+1 69336
-1 72225
+4 8667
+1 2889
+1 2889
-6 77148
+1 301482
-1 327198
+4 12858
+1 12858
-1 12858
+2 12858
-6 142512
+4 47504
+1 47504
-1 47504
+2 47504

fn=(594)
321 70
+4 10
-4 10
+4 30
+1 10
-1 10
+1 10
-1 20
+1 70
-1 70
+1 70
-1 220
+1 80
-1 80
+1 80
-1 160
+1 560
-1 560
+1 560
-1 1120
+1 5120
-1 15360
+1 40960
-1 122880
+1 320058
-1 1280232
+3 320058
+1 320058
-1 320058
+1 320058
-4 681076
+3 40960
+1 40960
-1 40960
+1 40960
-4 87040
+3 5120
+1 5120
-1 5120
+1 5120
-4 10240
+3 640
-3 640
+3 640
+1 640
-1 640
+1 640
-4 1360
+3 80
-3 80
+3 80
+1 80
-1 80
+1 80
-4 160
+3 20
+1 10
-1 10
+1 10
+2 80

ob=(1)
fl=(10) ./elf/../sysdeps/unix/sysv/linux/dl-sysdep.c
fn=(66) _dl_discover_osversion
46 4
+2 3
+40 2
cfi=(25) ./posix/../sysdeps/unix/syscall-template.S
cfn=(68) uname
calls=1 +32 
* 5
+15 1
-15 2
+20 1
-1 1
+3 12
+4 3
-2 6
+2 11
+3 2
-1 2
+1 6
-3 8
+7 3
-1 3
+4 3
-2 3
+2 12
+8 1
+1 5

fl=(31) ./string/strdup.c
fn=(90) strdup
40 12
+1 3
cfi=(13) ./string/../sysdeps/x86_64/multiarch/../strlen.S
cfn=(28) strlen
calls=3 +38 
* 110
* 3
+1 6
cfi=(18) ./elf/dl-minimal.c
cfn=(44) malloc
calls=3 +7 
* 72
* 3
+2 6
+4 3
-1 9
+1 6
-1 3
cfi=(19) ./string/../sysdeps/x86_64/multiarch/memmove-vec-unaligned-erms.S
cfn=(46) memcpy
calls=3 +88 
* 46

fl=(42) ./misc/../sysdeps/unix/sysv/linux/mmap64.c
fn=(136) mmap
51 22
-3 44
+6 22
+5 66
+2 33
-7 8

fl=(13)
fn=(28)
79 13
+1 13
+1 13
+1 13
+1 13
+1 13
+1 13
+2 13
+2 13
+31 13
+1 13
+1 13
+1 13
+1 13
+1 7
+2 7
+4 6
+1 6
+1 6
+1 6
+1 6
+1 6
+1 6
+1 6
+1 6
+1 6
+1 6
+1 6
+5 42
+74 3
+1 3
+1 3
+1 3
+1 3
+1 3
+1 3
+1 3
+16 3
+2 3
+1 42
+2 3
+1 3
+1 3
+2 3

fl=(16) ./elf/dl-object.c
fn=(50) _dl_add_to_namespace_list
31 3
+2 3
-2 6
+2 3
-2 6
+2 3
cfi=(2) ./elf/rtld.c
cfn=(52) rtld_lock_default_lock_recursive
calls=3 841 
* 6
+2 20
+3 20
+2 2
+2 2
+4 2
+4 2
+1 2
-5 4
+1 4
+1 2
+3 2
-3 2
+3 2
-1 2
cfi=(2)
cfn=(54) rtld_lock_default_unlock_recursive
calls=2 847 
* 4
-4 1
+4 1
+1 1
-5 2
+1 2
+1 1
+3 1
-3 1
+3 1
-1 1
cfi=(2)
cfn=(54)
calls=1 847 
* 2
-5 2

fn=(36) _dl_new_object
59 30
+3 3
-3 6
+3 6
+15 2
+3 6
cfi=(13)
cfn=(28)
calls=2 -1 
* 76
+4 2
-4 4
+4 2
+5 10
cfi=(18)
cfn=(40) calloc
calls=2 +3 
* 104
* 2
* 4
cfi=(18)
cfn=(40)
calls=1 +3 
* 40
* 1
* 3
+3 6
+4 3
+5 3
-6 3
+6 3
-5 3
+5 3
-5 3
+5 3
-1 3
+1 3
-1 3
+1 3
cfi=(19)
cfn=(46)
calls=3 +34 
* 49
* 3
+15 6
-15 3
+15 3
-13 3
+13 10
+6 1
+2 7
+3 2
-3 14
+3 4
+2 3
+4 3
+3 14
fi=(20) ./elf/../sysdeps/generic/ldsodefs.h
1222 3
fe=(16)
136 2
+2 1
-2 2
fi=(20)
1222 45
fe=(16)
136 30
+2 15
-2 30
+50 2
-34 2
-5 1
+5 1
-6 1
+6 1
-6 1
+6 6
-5 2
+5 2
-6 2
+6 2
-6 2
+6 4
+2 4
+3 4
-3 4
+7 8
+4 4
+8 2
+3 1
+10 2
-10 1
+10 1
-10 2
+10 4
-10 2
+10 2
+2 2
+21 2
-21 2
cfi=(13)
cfn=(28)
calls=2 79 
* 94
+4 2
-4 6
+17 2
-13 6
+50 6
cfi=(19)
cfn=(76) mempcpy
calls=2 122 
* 40
* 2
+5 4
+1 4
-1 80
+1 80
+2 4
+3 2
+3 2
+4 27
128 6
+37 6
-15 1
+7 4
+8 4
+31 4
cfi=(18)
cfn=(44)
calls=2 49 
* 48
* 2
* 2
+1 8
64 2
+1 6
+9 1
-5 2

fl=(14) ./elf/../misc/sbrk.c
fn=(30) sbrk
32 4
+8 6
+4 2
+16 5

fl=(12) ./elf/../sysdeps/x86/cpu-features.c
fn=(24) get_common_indices.constprop.0
71 2
+4 4
+3 3
+4 2
-4 1
+4 1
-4 1
+3 1
+1 1
+1 4
+1 4
+1 3
+1 2
+7 2
+1 3
+6 1
-6 4
+6 1
+1 7
+7 3
+4 2
+2 4
225 2
+4 3
+1 2
+3 1
-1 1
+4 1
+2 1
-2 1
+5 2
+50 3
118 2
+3 4
+3 2
+8 1
-5 2
+8 2
+2 1
+2 3
+4 2
+4 2
+7 3

fl=(52) ./misc/../sysdeps/unix/syscall-template.S
fn=(310) munmap
117 4
+5 1

fn=(166) mprotect
117 20
+5 5

fl=(15) ./elf/dl-environ.c
fn=(34) _dl_next_ld_env_entry
29 3
+3 28
+13 18
-13 36
+2 40
+1 14
+5 2
-3 2
+3 2
+2 2
+7 1

fl=(19)
fn=(46)
135 15
+6 15
+1 15
+1 8
+1 8
+5 5
+1 5
+1 5
+1 5
+5 5
301 7
+1 7
+1 1
+1 1
+1 1
+1 1
+1 1
+1 1
+1 1
+2 1
+22 6
+1 6
+1 6
+1 6
+1 6
+24 3
+1 3
+1 3
+1 3
+2 3
+1 3
+1 3
+1 3
+1 3
+1 3
+1 3
+1 3
+1 3
+1 3
+1 3
+1 3
+1 3
+1 3
+1 3
+1 3
+2 3

fn=(76)
122 26
+1 26
+1 26
+17 26
+1 26
+1 4
+1 4
+5 3
+1 3
+1 3
+1 3
+5 3
301 22
+1 22
+1 8
+1 8
+1 3
+1 3
+1 1
+4 1
+22 14
+1 14
+1 14
+1 14
+1 14
+3 5
+1 5
+1 5
+1 5
+1 5
+3 2
+1 2
+1 2
+1 2
+1 2
+10 1
+1 1
+1 1
+1 1
+2 1
+1 1
+1 1
+1 1
+1 1
+1 1
+1 1
+1 1
+1 1
+1 1
+1 1
+1 1
+1 1
+1 1
+1 1
+1 1
+2 1

fl=(26) ./elf/dl-load.c
fn=(152) open_path
1779 8
+1 1
-1 6
+1 1
+6 2
+5 2
-7 1
+7 1
-8 1
+8 6
+3 3
+9 6
+7 3
-12 1
+13 1
-1 1
cfi=(19)
cfn=(76)
calls=1 122 
* 12
* 1
+47 3
+8 2
-54 58
+3 24
+4 64
cfi=(19)
cfn=(76)
calls=8 122 
* 101
* 32
cfi=(19)
cfn=(76)
calls=8 122 
* 96
+3 16
+3 24
+3 56
cfn=(124) open_verify.constprop.0
calls=8 1466 
* 424
* 8
+2 24
+2 16
+65 7
+7 2
-2 1
+2 3
+3 3
-13 1
+27 9
-84 40
+1 64
+6 16
+2 16
-2 24
+2 16
cfi=(48) ./io/../sysdeps/unix/sysv/linux/wordsize-64/xstat.c
cfn=(154) _xstat
calls=8 33 
* 101
* 8
+3 8
-3 16
+1 1
+2 1
-2 1
+2 30

fn=(84) expand_dynamic_string_token
378 6
+10 2
-10 8
+10 2
cfn=(86) _dl_dst_count
calls=2 231 
* 145
+3 4
+12 2
-11 2
+11 8
-11 2
cfi=(31)
cfn=(90)
calls=2 40 
* 196

fn=(120) _dl_map_object
1927 27
+8 6
+1 12
+3 42
+5 49
+2 21
cfi=(37) ./elf/dl-misc.c
cfn=(122) _dl_name_match_p
calls=7 282 
* 656
* 14
+4 12
+1 18
+3 2
+1 2
+1 2
-1 2
+1 2
cfi=(21) ./string/../sysdeps/x86_64/strcmp.S
cfn=(56) strcmp
calls=2 144 
* 48
* 4
2238 27
1974 2
-2 2
+2 4
-2 4
-43 2
+53 6
+36 4
-2 2
+2 2
cfi=(30) ./string/../sysdeps/x86_64/multiarch/../strchr.S
cfn=(88) index
calls=2 24 
* 46
* 4
2169 2
-1 3
cfn=(84)
calls=1 378 
* 251
+2 1
-3 1
+1 1
+2 2
+4 6
cfn=(124)
calls=1 1466 
* 232
* 1
+3 2
+12 4
+46 1
+1 3
-1 1
+1 9
cfn=(130) _dl_map_object_from_fd
calls=1 866 
* 1601
-1 1
+1 3
-1 1
+1 9
cfn=(130)
calls=1 866 
* 1910
* 6
2022 2
cfi=(13)
cfn=(28)
calls=1 79 
* 16
* 2
+2 2
+7 4
+36 12
cfn=(152)
calls=1 1779 
* 1373
+6 1
-6 1
+6 4
+88 2
+28 4
+2 4
2035 5
+8 4
-3 3
659 1
2041 1
659 3
2074 1
659 2
2055 4
+1 8
659 1
2057 1
659 2
2066 2
+1 2
+15 1
+14 2
+2 3
+4 2
cfi=(49) ./elf/dl-cache.c
cfn=(156) _dl_load_cache_lookup
calls=1 187 
* 1428
* 1
+2 2
+4 2
+8 3
+23 7
cfn=(124)
calls=1 1466 
* 243
+4 2
-4 1
+4 1
+1 2

fn=(80) fillin_rpath.isra.0
445 7
+4 1
-4 9
+6 3
cfi=(18)
cfn=(82) strsep
calls=1 265 
* 284
* 3
cfi=(18)
cfn=(82)
calls=1 265 
* 9
* 6
+7 2
+2 3
cfn=(84)
calls=1 -82 
* 126
* 1
+4 2
+5 2
cfi=(13)
cfn=(28)
calls=1 79 
* 16
* 1
+1 2
+7 5
+9 17
+1 8
+55 2
+2 2
cob=(2)
cfi=(17)
cfn=(92) 0x0000000004001080
calls=1 0 
* 5
* 1
-39 2
+4 9
cfi=(18)
cfn=(44)
calls=1 49 
* 24
* 1
+2 3
-2 1
+2 1
+5 1
+1 3
-2 1
+2 1
cfi=(19)
cfn=(76)
calls=1 122 
* 12
+3 2
-3 1
+1 1
+2 1
+6 3
+1 1
-1 1
+1 3
+1 1
-1 3
+1 7
-1 21
+3 1
+1 1
-1 1
+1 1
+7 1
+1 2
-57 4
+23 2
+43 1
+3 8
-15 2

fn=(130)
866 22
+10 2
-10 2
+10 2
-10 4
+10 2
cfi=(32) ./elf/dl-debug.c
cfn=(96) _dl_debug_initialize
calls=2 49 
* 16
* 2
+7 8
+61 8
+10 4
+7 8
+33 4
877 2
997 14
cfi=(16)
cfn=(36)
calls=2 59 
* 838
* 2
+1 4
+11 2
+5 2
-5 2
+1 4
+1 2
+2 2
-2 2
+2 4
+1 6
+1 4
+19 2
-2 2
+2 6
+8 2
-8 2
+8 4
-8 6
+8 2
-8 2
+8 4
+90 2
-6 2
-90 2
+30 2
+23 2
+43 2
-6 2
-91 2
+31 2
+66 2
-52 2
-50 4
+13 52
+17 2
+1 1
-19 57
+1 103
1144 2
1042 2
1144 2
+1 4
1042 6
1157 6
1010 4
1170 4
+10 4
fi=(43) ./elf/./dl-map-segments.h
56 4
fe=(26)
1180 6
fi=(43)
56 2
fe=(26)
1180 6
fi=(43)
56 4
-6 2
+6 4
-6 2
+6 2
cfi=(42)
cfn=(136)
calls=2 -5 
* 38
+4 4
-4 2
+4 2
+3 4
+1 2
+2 2
-3 2
+1 2
+2 2
+14 2
+2 2
fi=(44) ./elf/./dl-load.h
+8 16
+1 6
+2 16
fi=(43)
+11 32
+8 2
-2 2
+1 2
+2 2
-1 2
+1 2
-1 2
+3 4
+5 4
+3 4
+8 16
cfi=(29) ./string/../sysdeps/x86_64/multiarch/memset-vec-unaligned-erms.S
cfn=(78) memset
calls=2 -22 
* 312
+1 6
+5 4
+12 8
-59 40
+2 12
+2 6
-2 12
+2 48
cfi=(42)
cfn=(136)
calls=6 -43 
* 102
* 18
fe=(26)
1043 22
+23 24
+5 56
+10 16
-1 8
+4 16
-4 8
-1 8
+2 16
+2 8
-2 8
-1 8
+1 8
+1 8
-1 8
+2 8
+1 8
+4 16
+1 30
+5 6
-1 6
+1 6
-1 6
+1 24
-15 6
+15 12
+10 6
-10 2
-1 2
+1 2
-1 2
+1 8
-15 2
+15 4
+10 2
-55 4
+5 4
+1 8
+52 3
+4 1
+1 2
-58 1
+62 5
+1 1
+3 1
-3 1
+8 4
+15 4
+1 2
fi=(40) ./elf/../sysdeps/posix/dl-fileid.h
37 8
cfi=(41) ./io/../sysdeps/unix/sysv/linux/wordsize-64/fxstat.c
cfn=(134) _fxstat
calls=2 -4 
* 20
* 4
fe=(26)
901 4
fi=(40)
40 2
+1 2
fe=(26)
901 2
fi=(40)
40 2
fe=(26)
901 2
fi=(40)
41 2
fe=(26)
901 21
+1 10
fi=(40)
49 12
fe=(26)
1417 18
920 4
fi=(43)
73 10
cfi=(52)
cfn=(166)
calls=1 +44 
* 5
* 3
fe=(26)
1192 8
+9 6
fi=(3) ./elf/get-dynamic-info.h
42 2
+6 2
-2 2
+2 4
+15 2
+5 2
+3 2
-2 2
-2 2
-3 4
-1 40
+1 24
-16 8
+26 8
-26 53
+26 37
-26 74
+2 90
+17 70
fi=(44)
+27 4
+2 1
-1 2
+1 1
-1 1
+1 1
-1 1
+1 1
-1 2
+3 4
fi=(3)
-33 10
+3 8
+3 8
+1 4
+1 4
+8 4
+20 7
+1 8
+1 8
+1 8
+2 8
+5 8
+1 7
+1 8
+5 6
+5 4
+7 4
+1 6
+18 6
+5 2
+2 2
+2 2
+2 2
+3 6
+2 3
+1 2
+9 2
+5 2
+3 4
fe=(26)
1208 4
+2 4
+19 6
+19 4
+2 10
+48 6
+1 2
+3 2
cfi=(45) ./io/../sysdeps/unix/sysv/linux/close_nocancel.c
cfn=(144) __GI___close_nocancel
calls=1 26 
* 5
* 2
cfi=(45)
cfn=(144)
calls=1 26 
* 5
* 4
+9 4
+2 8
+2 4
+16 4
cfi=(6) ./elf/dl-lookup.c
cfn=(10) _dl_setup_hash
calls=2 964 
* 46
+4 4
+1 4
+17 4
+4 2
+5 2
-5 2
+5 2
+10 4
+9 4
+1 4
+5 1
cfi=(33) ./elf/../elf/dl-tls.c
cfn=(168) _dl_next_tls_modid
calls=1 107 
* 6
* 1
+7 3
cfi=(16)
cfn=(50)
calls=1 31 
* 45
* 3
cfi=(16)
cfn=(50)
calls=1 31 
* 41
+4 6
-44 2
fi=(43)
141 8
cfi=(42)
cfn=(136)
calls=1 -90 
* 17
+3 2
fe=(26)
1207 2

fn=(70) _dl_init_paths
681 1
+13 2
-13 8
+13 3
cfi=(27) ./elf/dl-hwcaps.c
cfn=(72) _dl_important_hwcaps
calls=1 42 
* 733
+5 1
-5 1
+5 1
cfi=(18)
cfn=(44)
calls=1 49 
* 24
* 1
-1 1
+2 2
+7 2
+1 4
-1 3
+4 4
cfi=(18)
cfn=(44)
calls=1 49 
* 24
* 1
* 2
+2 2
+7 1
+10 1
-2 2
+2 1
+3 2
+9 1
-7 1
+7 2
-3 1
-20 1
+12 1
+3 1
+8 1
-3 1
+1 16
cfi=(29)
cfn=(78)
calls=4 109 
* 48
+2 18
-14 3
+10 3
-10 3
+14 3
-12 6
+4 3
+4 3
-7 3
+3 3
+1 3
-2 3
+5 3
+1 3
-4 3
+4 3
+14 1
-11 1
+6 1
+1 1
+5 2
+2 4
+2 3
+38 5
-19 1
-2 1
+2 2
+21 3
cfi=(13)
cfn=(28)
calls=1 79 
* 16
* 8
cfi=(19)
cfn=(46)
calls=1 135 
* 10
* 1
+5 4
-1 2
+2 1
+1 1
-1 15
+1 13
-1 26
-1 56
+5 2
cfi=(18)
cfn=(44)
calls=1 49 
* 24
* 1
-1 1
+1 1
+1 2
+6 6
cfn=(80)
calls=1 445 
* 645
+3 3
+6 1
+4 8
-37 2

fn=(86)
231 4
+3 4
-3 8
+7 4
-7 8
+3 4
cfi=(30)
cfn=(88)
calls=4 24 
* 181
+3 8
+20 28

fn=(124)
1466 110
+39 10
-39 10
+39 20
+31 40
cfi=(38) ./io/../sysdeps/unix/sysv/linux/open64_nocancel.c
cfn=(126) __open_nocancel
calls=10 37 
* 204
* 10
+2 20
+11 2
+6 4
-5 2
+5 16
cfi=(39) ./io/../sysdeps/unix/sysv/linux/read_nocancel.c
cfn=(128) __read_nocancel
calls=2 26 
* 10
+2 4
+2 4
+2 4
+6 4
+16 18
-65 8
1765 90
1583 14
+74 4
+5 4
+2 8
+6 4
+6 2
+1 2
-1 6
+1 6
+1 4
+20 8
1543 4
1698 96
+1 40
+1 8
+4 8
+17 2
+8 18
+15 2
+6 3
-3 1
+1 1
+3 1
-3 2
+1 1
-1 1
-1 1
+4 2
1583 3
1761 4
cob=(2)
cfi=(17)
cfn=(92)
calls=2 0 
* 10
* 2
-29 18
-1 2
+4 6
+5 1
+1 2
-36 8

fl=(114) ./elf/dl-open.c
fn=(432) _dl_find_dso_for_object
201 5
+4 5
+1 4
+1 12
+1 2
-2 6
+5 2
+4 7

fl=(11) ./elf/../sysdeps/unix/sysv/linux/x86_64/brk.c
fn=(20) brk
31 5
+2 2
+6 1
+1 1

fl=(34) ./string/../sysdeps/x86_64/strcspn.S
fn=(104) strcspn
30 1
+7 1
+1 1
+2 1
+1 1
+1 1
+1 1
+1 33
+3 2
+7 1
+1 1
+1 1
+1 1
+2 1
+1 1
+1 1
+1 1
+2 1
+1 1
+1 1
+9 3
+12 1
+2 1
+1 1
+1 1
-4 16
+2 16
+1 16
+1 16
+2 16
+1 16
+1 16
+2 16
+1 16
+1 16
+2 16
+1 16
+1 16
+6 1
+7 1
+4 1

fl=(49)
fn=(164) _dl_cache_libcmp
142 33
+4 55
-2 55
+2 55
-2 110
+20 108
+2 108
-24 44
+28 44
+1 44
-29 88
+4 2
+8 1
-2 2
+1 2
+1 2
-2 1
+2 1
+2 3
-3 1
+3 1
+2 2
cfn=(165) _dl_cache_libcmp'2
calls=1 -16 
* 6
+9 20

fn=(165)
142 3
+32 3

fn=(156)
187 9
+8 2
+3 3
+72 1
+9 1
-9 2
+11 1
-2 1
fi=(51) ./elf/../sysdeps/x86/dl-procinfo.h
39 2
+3 3
cfi=(21)
cfn=(56)
calls=1 144 
* 65
* 4
fe=(49)
285 4
cfi=(8) ./elf/dl-tunables.c
cfn=(26) __tunable_get_val
calls=1 +82 
* 19
* 2
+8 2
+15 135
cfn=(164)
calls=10 142 
* 718
* 50
+31 2
-31 10
cfn=(164)
calls=1 142 
* 70
* 6
-15 2
+1 3
+14 1
-15 2
+15 32
+16 2
+4 2
+8 3
cfi=(13)
cfn=(28)
calls=1 79 
* 34
+1 1
-1 6
+1 1
cfi=(19)
cfn=(46)
calls=1 135 
* 10
* 1
+1 1
cfi=(31)
cfn=(90)
calls=1 40 
* 86
+1 8
201 4
cfi=(37)
cfn=(158) _dl_sysdep_read_whole_file
calls=1 44 
* 94
* 1
+8 5
+1 8
fi=(50) ./elf/../sysdeps/generic/dl-cache.h
-58 1
+1 5
fe=(49)
+65 1
+1 2

fn=(308) _dl_unload_cache
349 4
-1 1
+3 2
cfi=(52)
cfn=(310)
calls=1 117 
* 5
+1 1
+2 2

fl=(47) ./elf/dl-deps.c
fn=(148) _dl_map_object_deps
159 2
+1 2
-1 2
+1 1
-1 1
+1 1
-1 1
+1 1
-1 4
+1 1
-8 1
+7 1
+1 1
-1 1
+1 1
-8 2
-6 1
+6 1
-7 1
+15 1
-16 1
+2 1
+6 1
+24 4
-28 3
-2 1
+31 1
-33 2
+2 2
+30 2
-30 1
-1 1
+1 1
+6 4
+24 2
-32 1
+60 1
-60 2
+36 1
+20 1
fi=(54) ./elf/../include/scratch_buffer.h
78 1
fe=(47)
180 1
fi=(54)
77 3
fe=(47)
198 1
+89 1
-89 1
+2 1
+9 1
+4 1
-4 1
+4 2
-4 3
+4 3
-4 3
+4 6
+11 14
-18 2
+18 2
433 8
+2 4
+3 2
-3 2
+3 4
cfi=(18)
cfn=(44)
calls=2 49 
* 48
* 2
* 2
+1 4
+6 2
+1 10
cfi=(19)
cfn=(46)
calls=2 135 
* 20
+1 12
cfi=(19)
cfn=(46)
calls=2 135 
* 20
+4 2
-1 2
+5 16
204 9
+22 2
+11 2
-5 2
-6 4
+5 2
+2 4
+1 4
+3 8
+66 2
-97 2
+97 2
-66 2
+66 6
-55 6
-2 2
+2 2
cfi=(35) ./elf/dl-error-skeleton.c
cfn=(114) _dl_catch_exception
calls=2 -73 
* 5934
* 2
+1 4
+9 2
+2 4
+5 2
+6 2
+2 2
-8 4
+3 2
+1 2
+1 2
+1 2
+4 10
+4 4
+1 4
-43 200
+1 100
+6 8
cfi=(26)
cfn=(86)
calls=2 -13 
* 104
* 10
+38 144
fi=(54)
85 3
fe=(47)
464 6
+4 5
+11 4
cfi=(18)
cfn=(44)
calls=1 49 
* 24
* 1
* 1
+2 2
+5 2
+3 2
-3 4
+1 1
+2 1
+2 12
+4 12
+4 4
-10 12
+13 2
+51 3
+2 4
+35 6
cfi=(19)
cfn=(46)
calls=1 135 
* 10
+4 5
cfi=(55) ./elf/dl-sort-maps.c
cfn=(174) _dl_sort_maps
calls=1 28 
* 215
+3 1
+2 1
+1 1
-1 1
+2 2
+7 3
+3 2
+3 8
458 9
-1 4
+1 8
199 3
465 2
214 25
+3 2
fi=(54)
-86 6
cfi=(53) ./malloc/scratch_buffer_set_array_size.c
cfn=(170) __libc_scratch_buffer_set_array_size
calls=2 -97 
* 34
fe=(47)
+86 4
+4 4
554 2
380 6

fn=(150) openaux
61 4
+7 2
-4 4
+1 2
-1 16
cfi=(26)
cfn=(120)
calls=2 1927 
* 5794
* 2
+5 4

fl=(29)
fn=(78)
109 65
+6 13
+1 13
+1 6
+1 6
+2 4
+1 4
+2 4
+65 2
+1 2
+10 2
+1 2
+1 2
+1 2
+1 2
+1 2
+1 2
+1 2
+1 2
+1 2
+1 2
+1 2
+1 2
+1 2
+2 40
+1 40
+1 40
+1 40
+1 40
+1 40
+1 40
+1 2
+15 7
+1 7
+1 7
+1 6
+1 6
+1 2
+1 2
+24 1
+1 1
+2 1
+3 4
+1 4
+2 4
+3 2
+1 2
+2 2

fl=(57) ./elf/dl-reloc.c
fn=(300) _dl_protect_relro
329 4
-1 8
+1 16
+3 4
-3 4
+3 4
+4 8
+7 8
-6 12
cfi=(52)
cfn=(166)
calls=4 117 
* 20
* 8

fn=(192) _dl_relocate_object
167 40
+15 4
-15 8
+15 4
+1 20
+6 8
+6 20
-18 8
+22 8
+7 16
+40 4
fi=(5) ./elf/../sysdeps/x86_64/dl-machine.h
76 4
fe=(57)
246 8
fi=(5)
76 12
+6 6
+4 9
+14 3
-8 3
+8 6
+20 6
+11 12
fe=(57)
274 126
-96 18
fi=(4) ./elf/do-rel.h
48 3
-1 3
-1 3
+1 3
+1 3
+10 6
fe=(57)
274 1
-96 6
fi=(4)
48 1
-1 1
-1 1
+1 1
+1 1
+10 2
-10 4
-1 4
-1 4
+1 4
+1 4
+10 8
-7 3
-1 3
+11 15
fi=(5)
558 34
+4 34
+3 51
+1 17
fi=(4)
61 51
+2 228
+2 120
-4 120
+13 6
+1 5
+1 80
fi=(5)
558 40
+26 40
-1 80
-25 40
+26 80
+1 40
cob=(3)
cfi=(61) ./string/../sysdeps/x86_64/multiarch/ifunc-strcasecmp.h
cfn=(296) strncasecmp_l
calls=1 32 
* 5
cob=(3)
cfi=(64) ./string/../sysdeps/x86_64/multiarch/ifunc-avx2.h
cfn=(294) strchrnul
calls=1 32 
* 9
cob=(3)
cfi=(81) ./wcsmbs/../sysdeps/x86_64/multiarch/ifunc-memcmp.h
cfn=(290) wmemcmp
calls=1 34 
* 12
cob=(3)
cfi=(59) ./string/../sysdeps/x86_64/multiarch/ifunc-strcpy.h
cfn=(286) stpcpy
calls=1 36 
* 8
cob=(3)
cfi=(59)
cfn=(282) stpncpy
calls=1 36 
* 8
cob=(3)
cfi=(71) ./string/../sysdeps/x86_64/multiarch/ifunc-sse4_2.h
cfn=(280) strspn
calls=1 30 
* 6
cob=(3)
cfi=(65) ./wcsmbs/../sysdeps/x86_64/multiarch/ifunc-avx2.h
cfn=(278) wcslen
calls=1 32 
* 9
cob=(3)
cfi=(64)
cfn=(276) memchr
calls=1 32 
* 9
cob=(3)
cfi=(61)
cfn=(272) strcasecmp_l
calls=1 32 
* 5
cob=(3)
cfi=(64)
cfn=(270) memrchr
calls=1 32 
* 9
cob=(3)
cfi=(64)
cfn=(268) strlen
calls=1 32 
* 9
cob=(3)
cfi=(77) ./string/../sysdeps/x86_64/multiarch/strchr.c
cfn=(266) index
calls=1 40 
* 8
cob=(3)
cfi=(71)
cfn=(264) strpbrk
calls=1 30 
* 6
cob=(3)
cfi=(76) ./wcsmbs/../sysdeps/x86_64/multiarch/wcscpy.c
cfn=(262) wcscpy
calls=1 37 
* 6
cob=(3)
cfi=(75) ./wcsmbs/../sysdeps/x86_64/multiarch/ifunc-wmemset.h
cfn=(260) wmemset
calls=2 32 
* 32
cob=(3)
cfi=(74) ./wcsmbs/../sysdeps/x86_64/multiarch/wcsnlen.c
cfn=(258) wcsnlen
calls=1 40 
* 8
cob=(3)
cfi=(58) ./string/../sysdeps/x86_64/multiarch/ifunc-memmove.h
cfn=(256) memcpy@@GLIBC_2.14
calls=1 45 
* 16
cob=(3)
cfi=(59)
cfn=(252) strcpy
calls=1 36 
* 8
cob=(3)
cfi=(61)
cfn=(248) strncasecmp
calls=1 32 
* 5
cob=(3)
cfi=(71)
cfn=(246) strcspn
calls=1 30 
* 6
cob=(3)
cfi=(64)
cfn=(244) strnlen
calls=2 32 
* 18
cob=(3)
cfi=(65)
cfn=(242) wcschr
calls=2 32 
* 18
cob=(3)
cfi=(70) ./string/../sysdeps/x86_64/multiarch/ifunc-memset.h
cfn=(240) memset
calls=1 42 
* 18
cob=(3)
cfi=(69) ./string/../sysdeps/x86_64/multiarch/strcmp.c
cfn=(238) strcmp
calls=1 41 
* 8
cob=(3)
cfi=(68) ./string/../sysdeps/x86_64/multiarch/strncmp.c
cfn=(236) strncmp
calls=1 41 
* 8
cob=(3)
cfi=(66) ./string/../sysdeps/x86_64/multiarch/ifunc-memcmp.h
cfn=(232) bcmp
calls=1 34 
* 12
cob=(3)
cfi=(58)
cfn=(230) mempcpy
calls=1 45 
* 16
cob=(3)
cfi=(65)
cfn=(228) wcscmp
calls=1 32 
* 9
cob=(3)
cfi=(65)
cfn=(226) wmemchr
calls=2 32 
* 18
cob=(3)
cfi=(64)
cfn=(224) rawmemchr
calls=1 32 
* 9
cob=(3)
cfi=(64)
cfn=(222) rindex
calls=1 32 
* 9
cob=(3)
cfi=(59)
cfn=(218) strcat
calls=1 36 
* 8
cob=(3)
cfi=(61)
cfn=(214) strcasecmp
calls=1 32 
* 5
cob=(3)
cfi=(59)
cfn=(210) strncpy
calls=1 36 
* 8
cob=(3)
cfi=(58)
cfn=(208) memmove
calls=2 45 
* 32
fi=(4)
75 40
fi=(5)
586 40
fi=(4)
75 82
fe=(57)
274 32
+3 12
+24 4
+3 8
+17 8
196 8
fi=(4)
84 5
-1 5
+3 5
+12 5
-15 5
+3 5
+12 10
+10 6
+10 6
+3 8
+3 8
-74 3
fi=(5)
497 3
fi=(4)
51 3
fi=(5)
497 6
fi=(4)
127 420
+9 210
+1 105
-1 210
+1 105
+2 105
-2 105
+2 210
-1 210
fi=(5)
276 210
+21 210
+4 210
+7 420
fi=(20)
126 264
fi=(5)
308 1716
fi=(4)
138 84
fi=(5)
308 84
fi=(4)
138 84
fi=(5)
308 84
fi=(4)
138 84
fi=(5)
308 168
fi=(4)
138 1
fi=(5)
308 1
fi=(4)
138 1
fi=(5)
308 1
fi=(4)
138 1
fi=(5)
308 1022
cfi=(6)
cfn=(200) _dl_lookup_symbol_x
calls=85 841 
* 46252
* 510
+1 264
+30 630
463 261
+1 87
fi=(4)
124 315
+19 12
fi=(5)
435 51
+4 68
+5 17
+9 17
-9 34
+9 34
+50 3
+4 6
cfi=(19)
cfn=(46)
calls=1 135 
* 10
+2 3
+1 1
fi=(4)
111 9
+1 3
fi=(5)
542 3
fi=(4)
112 3
fi=(5)
542 6
fi=(4)
112 1216
fi=(5)
542 1216
fi=(4)
112 1216
fi=(5)
542 2432
+5 2438
+1 1219
fi=(4)
111 1219
fi=(5)
548 2438
fi=(4)
111 2438
+7 9
-67 1
160 4
+2 20
+9 15
-1 30
fi=(5)
276 10
+21 10
+4 10
+7 20
fi=(20)
126 15
fi=(5)
308 165
cfi=(6)
cfn=(200)
calls=5 841 
* 2542
* 35
+1 15
+30 64
-30 150
+3 99
-3 99
+3 198
-4 23
+1 82
+3 82
-3 164
fe=(57)
-35 24
fi=(5)
+34 99
fe=(57)
+14 8
cfn=(300)
calls=4 +7 
* 96
+1 32
fi=(5)
124 12
-2 6
fe=(57)
274 2
fi=(5)
463 15
+1 5
fi=(4)
160 15
+14 3
fi=(5)
309 1
+3 1
-3 1
+3 2
-3 1
+3 1
-3 2
fe=(57)

fl=(39)
fn=(128)
26 8
+1 2

fl=(1) ???
fn=(0) 0x0000000000001090
0 2
cfi=(2)
cfn=(2) _dl_start
calls=1 499 
0 105263
0 14
cfi=(84) ./elf/dl-init.c
cfn=(314) _dl_init
calls=1 79 
0 2080
0 3
cob=(5)
cfi=(93)
cfn=(350)
calls=1 0 
0 63652362

fl=(56) ./elf/dl-version.c
fn=(182) _dl_check_map_versions
156 28
+15 4
-15 8
+15 8
+2 12
+2 4
+1 4
-1 4
+1 4
+2 8
+3 4
-16 2
-8 2
+28 2
-4 2
+4 6
+16 2
37 2
201 2
37 2
201 2
37 10
+1 5
-1 10
+2 21
cfi=(37)
cfn=(122)
calls=7 282 
* 589
* 14
209 6
+5 2
-71 4
+71 4
-71 6
+79 2
-2 2
-2 4
+4 2
-4 12
+4 2
-2 2
-2 4
+4 2
-4 22
57 4
+8 6
-8 4
+8 6
+6 12
+16 4
+1 8
+2 4
+5 40
+14 42
+12 51
+4 17
-30 34
225 16
+3 12
+5 2
-11 2
111 4
+3 16
cfi=(21)
cfn=(56)
calls=4 +30 
* 188
* 22
237 8
+14 4
+3 6
+3 12
+3 8
+4 2
-7 8
+3 6
+4 33
-7 132
+3 101
+8 6
+89 36
165 2
+86 2
-94 2
+94 3
+23 12
cfi=(18)
cfn=(40)
calls=3 92 
* 99
* 3
-1 3
+1 3
+1 6
+13 3
-3 3
+3 6
+2 9
+3 6
+4 6
+18 2
-15 2
+2 2
-2 2
+2 2
-2 2
+2 4
-2 2
+2 2
-2 2
+2 2
-2 2
+2 4
+2 4
+1 4
-1 12
+1 4
+1 4
-2 4
+2 8
+1 12
+3 12
+8 6
+10 9
+3 8
+20 35
-14 74
-2 35
+6 35
+1 35
+1 35
-1 105
+1 35
-1 35
+1 35
+1 35
+3 113

fn=(180) _dl_check_all_versions
362 5
+4 5
-2 2
+4 24
cfn=(182)
calls=4 156 
* 2585
-2 4
+2 12
-1 4
-1 8
+5 7

fl=(25)
fn=(68)
120 4
+2 1

fl=(143) ./elf/dl-fini.c
fn=(612) _dl_fini
30 8
+20 3
-3 6
+3 4
+3 2
cfi=(2)
cfn=(52)
calls=1 841 
* 2
+2 1
+3 2
+2 6
+8 1
-3 1
+8 1
-5 5
+5 1
+2 8
+2 8
+2 8
+1 4
+1 4
+4 4
-12 12
+14 6
+1 4
+6 3
cfi=(55)
cfn=(174)
calls=1 -66 
* 236
+10 2
cfi=(2)
cfn=(54)
calls=1 847 
* 2
+5 6
+2 1
+2 3
-2 3
+2 9
+3 8
+3 12
+4 4
+11 2
+1 2
-1 2
+2 2
-2 2
+2 2
-2 2
+3 10
+1 2
cob=(4) /usr/lib/x86_64-linux-gnu/valgrind/vgpreload_core-amd64-linux.so
cfi=(85) ???
cfn=(640) 0x00000000000010c0
calls=1 0 
* 92
cob=(5)
cfi=(93)
cfn=(614)
calls=1 0 
* 92
-1 8
+5 6
+1 6
cob=(2)
cfi=(17)
cfn=(656) 0x000000000482e278
calls=1 0 
* 3
cob=(2)
cfi=(17)
cfn=(638) 0x000000000010afc4
calls=1 0 
* 3
+6 24
+19 4
-59 14
+11 6
-26 7
+80 6
+6 2
+7 8

fl=(101)
fn=(388)
72 8
+3 8
+2 8
+10 8
+6 8
+1 8
+1 8
+1 8
+1 8
+1 8
+1 8
+4 8
+1 8
+3 8
+1 8
+2 8
+1 8
+1 8
+1 8
+1 8
+1 8
+2 8
+7 8
+1 8
+1 8
cfi=(102) ./elf/../elf/dl-runtime.c
cfn=(390) _dl_fixup
calls=8 -60 
* 5079
+1 8
+5 8
+1 8
+1 8
+2 8
+1 8
+1 8
+1 8
+1 8
+1 8
+1 8
+2 8
+2 8
+4 8
+3 8

fn=(389) _dl_runtime_resolve_xsave'2
72 2
+3 2
+2 2
+10 2
+6 2
+1 2
+1 2
+1 2
+1 2
+1 2
+1 2
+4 2
+1 2
+3 2
+1 2
+2 2
+1 2
+1 2
+1 2
+1 2
+1 2
+2 2
+7 2
+1 2
+1 2
cfi=(102)
cfn=(390)
calls=2 -60 
* 1621
+1 2
+5 2
+1 2
+1 2
+2 2
+1 2
+1 2
+1 2
+1 2
+1 2
+1 2
+2 2
+2 2
+4 2
+3 2

fl=(46) ./io/../sysdeps/unix/sysv/linux/access.c
fn=(146) access
27 7
+4 1

fl=(38)
fn=(126)
37 11
-3 33
+3 66
+8 77
+2 3
-2 24
+2 8

fl=(32)
fn=(100) _dl_debug_state
74 2

fn=(96)
49 8
+5 6
+5 2
-1 1
+1 2
+1 2
-1 1
+5 1
-14 4
+4 8
+3 1
+1 5

fl=(2)
fn=(118) map_doit
642 1
+2 1
-2 1
+2 1
+1 2
-1 2
+1 3
cfi=(26)
cfn=(120)
calls=1 1927 
* 2448
* 1
+2 2

fn=(102) handle_preload_list
897 7
+5 5
-4 1
+10 2
+7 1
201 1
917 2
201 2
919 2
+1 4
cfn=(106) do_preload
calls=1 807 
* 2567
* 1
-18 2
+3 3
cfi=(34)
cfn=(104)
calls=1 30 
* 271
* 1
+1 3
+2 4
cfi=(19)
cfn=(46)
calls=1 135 
* 26
+1 2
+14 9

fn=(184) init_tls
735 3
+2 1
+4 1
-4 1
+4 2
+11 1
-1 3
cfi=(18)
cfn=(40)
calls=1 92 
* 33
* 1
-4 1
+15 1
-12 1
+6 1
-9 1
+11 1
+4 1
+2 3
-1 3
+3 1
+4 1
-4 4
+4 3
-4 3
+4 1
+2 1
-2 1
+4 2
-9 1
-1 2
+1 3
-1 6
+10 2
+3 2
cfi=(33)
cfn=(186) _dl_tls_static_surplus_init
calls=1 69 
* 73
+3 1
cfi=(33)
cfn=(188) _dl_determine_tlsoffset
calls=1 191 
* 73
+7 1
cfi=(33)
cfn=(190) _dl_allocate_tls_storage
calls=1 389 
* 387
* 1
+1 2
+6 1
+3 2
-3 1
+3 6
+3 1
+3 5

fn=(52)
841 5
+1 5

fn=(178) version_check_doit
675 2
+2 4
cfi=(56)
cfn=(180)
calls=1 362 
* 2656
* 2
+4 2

fn=(2)
499 9
67 3
fi=(5)
-8 1
fe=(2)
+8 1
fi=(3)
-19 1
fi=(5)
+11 2
fe=(2)
543 1
-3 1
fi=(3)
48 2
+15 1
+5 1
+3 1
+1 1
+1 1
-4 1
-2 1
-3 2
-1 20
+1 12
-16 4
+26 4
-26 9
+26 1
-26 2
+2 36
+17 13
-19 13
+26 13
-26 26
+33 2
+20 4
+1 4
+1 4
+1 4
+2 4
+5 4
+1 4
+1 4
+5 3
+5 2
+7 3
+1 3
+8 3
+3 3
+4 2
+1 2
fe=(2)
554 2
+7 1
67 1
466 1
67 3
466 1
cfi=(6)
cfn=(10)
calls=1 964 
* 23
+1 1
+18 2
-18 1
+1 2
+1 2
+1 2
+9 1
+6 1
cfi=(7) ./elf/../elf/dl-sysdep.c
cfn=(12) _dl_sysdep_start
calls=1 89 
* 104162
* 1
+2 2
+99 9
fi=(3)
65 5
+3 4
fe=(2)
559 7
fi=(4)
46 1
fe=(2)
559 3
fi=(4)
86 3
fe=(2)
559 4
fi=(4)
47 1
fe=(2)
559 3
fi=(4)
47 3
+37 1
-1 1
+28 3
+1 2
fi=(5)
547 2
fi=(4)
112 86
fi=(5)
547 86
+1 44
fi=(4)
111 44
fi=(5)
548 88
fi=(4)
111 88
+5 2
fi=(5)
427 1
fi=(4)
124 2
fi=(5)
339 18
fi=(4)
124 27
+12 9
+3 9
-3 9
fi=(5)
301 9
fi=(4)
139 9
-3 9
+1 18
fi=(5)
301 18
+8 90
+3 18
+27 45
fi=(3)
71 4
+1 2
+1 2
fi=(5)
359 18
+1 9
fe=(2)

fn=(32) dl_main
1127 1
+15 1
-15 4
2706 1
1127 6
+15 1
+4 2
+1 2
+5 2
2554 1
1127 1
2554 1
+7 1
1127 1
2561 2
1127 1
215 1
2561 1
216 1
2561 1
217 1
2561 1
-4 1
-1 2
+7 2
cfi=(15)
cfn=(34)
calls=1 29 
* 26
* 4
cfi=(15)
cfn=(34)
calls=2 29 
* 122
* 9
+4 6
-2 2
+2 6
+1 2
-1 6
+1 17
-1 89
+9 12
2725 3
+32 3
1162 4
2652 3
+1 3
-56 2
+7 2
1370 7
cfi=(16)
cfn=(36)
calls=1 59 
* 291
* 1
+2 2
+1 1
+1 1
+5 2
-5 1
+1 3
+4 1
cfi=(16)
cfn=(50)
calls=1 31 
* 32
+1 2
1136 1
1409 1
-3 1
-5 1
+8 1
-7 1
+2 1
+5 4
+56 1
1133 1
1465 2
-37 1
+22 1
+15 2
-55 99
+95 2
+1 2
+1 1
-98 21
1518 1
+3 1
+2 1
-5 2
+3 2
+2 2
+2 2
+13 3
+3 1
-2 1
+2 1
-2 2
+2 1
-2 2
cfi=(21)
cfn=(56)
calls=1 144 
* 24
* 2
+10 1
-3 1
-2 1
+3 1
+2 2
+1 2
+4 2
+2 2
fi=(3)
33 1
+9 2
+6 1
-2 1
+2 2
+15 1
+5 1
+3 1
-2 1
-2 1
-3 2
-1 24
+1 15
-16 5
+26 5
-26 11
+26 1
-26 2
+2 50
+17 19
-19 19
+26 19
-26 38
+33 3
+20 3
+1 4
+1 4
+1 4
+2 4
+5 4
+1 4
+1 4
+5 3
+5 2
+7 2
+1 3
+18 3
+14 3
+2 3
+1 2
+9 2
+5 2
+3 2
fe=(2)
1561 2
cfi=(6)
cfn=(10)
calls=1 964 
* 23
+3 2
fi=(22) ./elf/./setup-vdso.h
24 2
fi=(24) ./elf/../sysdeps/unix/sysv/linux/dl-vdso-setup.h
+21 1
fe=(2)
1589 2
cfi=(10)
cfn=(66)
calls=1 46 
* 99
* 8
1414 1
-5 1
+5 2
-5 2
+29 1
-9 1
+27 1
-27 1
+2 1
-3 1
+10 2
-19 1
-10 1
+10 2
-10 2
+56 4
-1 4
+1 8
-1 4
+2 8
+1 1
+3 2
+1 2
-1 6
+1 6
+1 4
+1 10
-64 1
+65 1
-65 2
+92 1
-92 1
+92 1
-92 2
fi=(3)
65 5
+3 4
+3 4
+1 2
+1 2
fi=(23) ./elf/../sysdeps/unix/sysv/linux/dl-vdso.h
-33 1
+1 2
fe=(2)
1594 2
cfi=(26)
cfn=(70)
calls=1 681 
* 1841
+3 3
cfi=(32)
cfn=(96)
calls=1 49 
* 17
+7 1
-7 1
+2 1
+5 1
+4 1
+3 1
-3 3
+1 2
+3 1
+5 1
-7 1
+7 1
+18 2
+1 2
+5 1
-3 2
+2 1
+1 2
+5 3
+1 5
-1 2
+9 2
+6 2
1137 1
1660 1
+25 1
cfi=(33)
cfn=(98) _dl_count_modids
calls=1 169 
* 5
* 1
+8 3
+3 2
+4 3
+5 2
+1 1
cfi=(32)
cfn=(100)
calls=1 74 
* 1
+5 3
+16 3
+2 1
+2 2
+8 2
+15 3
cfi=(46)
cfn=(146)
calls=1 27 
* 8
* 2
+76 4
67 1
1850 1
67 2
1850 1
67 1
1850 6
cfi=(47)
cfn=(148)
calls=1 159 
* 7345
74 1
1855 1
74 2
+9 2
1855 2
+1 6
-1 4
+1 6
-1 12
+4 3
+1 3
+1 1
+2 2
+1 5
-1 9
+1 6
+12 1
+1 1
-1 2
+1 2
+2 1
+2 3
+2 1
-4 1
+5 1
-1 2
+14 2
+1 2
+1 3
+11 1
+1 1
-1 1
+2 4
-2 3
+2 1
cfi=(35)
cfn=(176) _dl_receive_error
calls=1 238 
* 2682
+10 1
+1 1
-1 1
+1 1
+3 2
856 1
fi=(148) ./elf/../sysdeps/unix/sysv/linux/dl-osinfo.h
64 2
fe=(2)
858 1
fi=(148)
77 1
fe=(2)
867 1
+7 1
-5 1
1931 3
2161 3
2604 4
+2 2
+1 1
1618 6
-11 4
fi=(24)
30 5
+3 1
+3 1
+3 1
fi=(23)
+16 2
fe=(2)
1649 2
+1 2
+1 1
2230 1
-13 1
+4 1
+6 1
-10 1
+10 1
-6 1
+9 2
+54 3
+3 1
67 2
2291 1
67 2
2292 20
+2 8
+5 8
+2 8
+6 4
+2 8
+1 24
cfi=(57)
cfn=(192)
calls=3 167 
* 70660
+4 10
+1 3
cfi=(33)
cfn=(302) _dl_add_to_slotinfo
calls=1 944 
* 27
* 1
-12 1
+1 1
-3 3
74 3
+1 1
2323 1
75 1
2323 1
+2 1
+3 4
+2 1
+7 3
cfi=(33)
cfn=(304) _dl_allocate_tls_init
calls=1 494 
* 131
+3 2
+9 3
+2 4
67 1
2364 1
+1 3
67 3
2365 2
cfi=(57)
cfn=(192)
calls=1 167 
* 6484
74 3
+9 2
2375 1
cfi=(7)
cfn=(306) _dl_sysdep_start_cleanup
calls=1 259 
* 1
+4 3
+21 3
cfi=(32)
cfn=(96)
calls=1 49 
* 8
+1 1
+1 1
cfi=(32)
cfn=(100)
calls=1 74 
* 1
+5 1
cfi=(49)
cfn=(308)
calls=1 349 
* 15
+5 8
1874 2
2653 2
+2 2
+1 1
1924 2
cfn=(184)
calls=1 735 
* 646
* 2
67 1
1735 1
67 2
1735 1
67 1
1735 2
cfn=(102)
calls=1 897 
* 2916
* 1
74 3
+9 3
1834 5
+1 1
-1 2
+4 3
+1 1
+1 2
+1 2
-7 2

fn=(106)
807 1
+12 1
-12 5
+10 1
-4 1
+6 2
-5 1
+5 2
-10 1
+6 1
+4 1
cfi=(35)
cfn=(110) _dl_catch_error
calls=1 225 
* 2538
* 1
+1 3
+8 3
+6 5

fn=(54)
847 5
+1 5

fl=(27)
fn=(72)
42 5
+1 1
-1 5
+1 1
-1 1
+1 1
-1 1
+1 2
-1 1
+1 1
cfi=(8)
cfn=(26)
calls=1 367 
* 19
* 1
+2 1
+1 2
-1 1
+1 1
+9 1
-12 1
+12 5
+1 1
+1 1
-1 2
+1 1
-1 1
+73 1
-72 1
+72 1
-74 12
+10 3
185 1
+5 1
-5 1
+5 5
-2 2
-2 1
+2 1
-2 1
+2 2
-2 1
+2 1
-2 1
fi=(28) ./elf/../sysdeps/x86/dl-hwcap.h
57 6
fe=(27)
188 1
+1 1
cfi=(13)
cfn=(28)
calls=1 79 
* 16
+1 1
+5 1
-5 2
-1 1
-4 1
+5 1
+5 1
+2 1
-7 1
-5 2
-37 2
+1 1
-1 6
+37 2
+8 3
+3 1
-1 1
+1 1
+4 1
+2 1
-2 3
+1 1
-1 1
+4 2
+4 2
-1 2
+4 7
+1 2
+18 11
+1 2
-1 1
+1 3
cfi=(18)
cfn=(44)
calls=1 49 
* 24
* 1
+1 4
-1 1
+1 3
+31 4
+10 3
+21 1
-21 1
+21 2
-21 1
+21 1
-28 2
+13 1
+3 1
-9 1
+10 1
-1 2
-3 1
-32 1
+36 5
-4 2
-3 1
+3 1
cfi=(19)
cfn=(76)
calls=1 122 
* 16
* 2
-3 1
+3 1
cfi=(19)
cfn=(76)
calls=1 122 
* 16
* 2
+3 2
-3 6
+3 5
+1 12
+1 2
-2 1
+2 1
cfi=(19)
cfn=(76)
calls=1 122 
* 14
* 2
-2 2
+5 6
cfi=(19)
cfn=(76)
calls=2 122 
* 28
* 4
+2 5
-7 4
+13 1
-1 1
+1 2
-1 2
+1 7
-1 7
+1 14
-1 16
+5 7
+3 2
-3 8
+3 10
+1 3
-1 3
+1 15
-1 9
+1 18
+1 24
-1 12
-1 12
+2 24
-1 24
-1 24
+4 9
+3 1
+1 1
+1 2
-2 1
+1 1
-1 1
+2 3
-1 1
+1 2
+3 2
+3 2
-6 2
+2 6
+3 1
+1 2
-6 2
+6 3
+7 8
+1 1
-1 2
+3 2
-3 3
+1 3
-1 6
+3 6
+3 4
+3 9
185 5
+29 1
+1 3
+1 1
-1 1
+1 1
-1 2
+2 2
+4 1
+3 3

fl=(7)
fn=(12)
89 8
+25 1
-1 1
+1 70
+6 1
-3 1
+1 1
-4 1
+3 1
+3 8
-29 1
-1 2
+30 20
+1 108
+61 1
+1 1
-1 1
+1 1
-63 75
+34 1
-34 2
+35 1
-35 2
+46 1
-46 1
+47 1
-1 1
-46 3
+40 1
-40 1
+41 1
-1 1
-40 3
+37 1
-37 2
+38 1
-38 3
+13 1
-13 2
+14 1
-14 2
+10 1
-10 2
+11 1
-11 2
+7 1
-7 4
+4 1
-4 4
223 1
cfi=(8)
cfn=(14) __GI___tunables_init
calls=1 +60 
* 8746
fi=(10)
36 2
cfi=(11)
cfn=(20)
calls=1 -5 
* 9
fi=(12)
322 1
-13 1
+13 1
-12 1
+1 1
+11 1
+3 6
476 3
+1 1
+3 2
+1 1
+6 1
+6 1
-5 1
+5 1
-3 1
+3 1
-4 1
+4 1
cfi=(8)
cfn=(26)
calls=1 367 
* 17
+2 4
cfi=(8)
cfn=(26)
calls=1 367 
* 19
* 1
+2 3
-2 1
+2 1
cfi=(8)
cfn=(26)
calls=1 367 
* 19
* 1
+2 3
-2 1
+2 1
cfi=(8)
cfn=(26)
calls=1 367 
* 19
* 1
+12 1
-1 1
-11 1
+12 1
fe=(7)
235 1
cfi=(13)
cfn=(28)
calls=1 79 
* 16
* 1
+2 2
cfi=(14)
cfn=(30)
calls=1 32 
* 17
* 3
+12 3
+3 5
cfi=(2)
cfn=(32)
calls=1 1127 
* 94686
+1 1
+1 8
fi=(12)
515 3
+28 1
fe=(7)
234 1
fi=(12)
534 3
+2 4
+1 2
+2 4
+1 2
331 6
cfn=(24)
calls=1 71 
* 97
49 4
+1 2
+1 6
+5 2
+1 6
+5 2
+1 6
336 1
+2 1
+7 1
+59 1
+10 1
-78 2
+89 4
-96 1
+96 2
-99 1
+12 10
+38 2
+14 1
+10 5
+14 2
+1 1
fe=(7)

fn=(306)
259 1

fl=(45)
fn=(144)
26 12
+1 3

fl=(84)
fn=(316) call_init.part.0
28 32
+8 4
-8 4
+11 4
-3 8
+3 12
+5 9
+5 4
+9 12
cob=(3)
cfi=(86) ./csu/init-first.c
cfn=(328) _init
calls=1 -6 
* 95
cob=(2)
cfi=(17)
cfn=(318) 0x000000000482e000
calls=1 -58 
* 6
+3 2
+1 4
+6 2
+2 4
-2 4
+3 10
+1 8
cob=(3)
cfi=(90) ./libio/vtables.c
cfn=(338) check_stdfiles_vtables
calls=1 +12 
* 11
cob=(4)
cfi=(85)
cfn=(322) 0x0000000000001100
calls=1 -72 
* 11
* 4
cob=(3)
cfi=(91) ./string/../sysdeps/x86/cacheinfo.c
cfn=(340) init_cacheinfo
calls=1 488 
* 1714
-1 9
+3 24
-29 3
-5 3

fn=(314)
79 11
+1 1
+1 1
+3 3
+8 2
+25 1
+1 5
+1 2
-89 2
+89 6
-89 18
cfn=(316)
calls=3 -2 
* 1933
+88 12
+7 8
-95 3
cfn=(316)
calls=1 -2 
* 70
+57 2

fl=(41)
fn=(134)
33 9
+1 6
+1 12
+4 3

fl=(21)
fn=(56)
144 156
+1 156
+2 156
+1 156
+21 156
+1 156
+1 71
+1 71
+1 52
+1 52
+1 52
+1 52
+21 52
+1 52
+1 52
+1 52
+1 52
+1 52
+1 52
+5 6
+1 6
+9 6
+1 6
+1 6
+1 6
+1 6
+1 6
+1 6
+1 6
-7 104
+1 104
+1 104
+1 104
+1 104
+1 104
+1 104
+1 104
+1 47
+1 19
+1 19
+1 19
+2 19
+1 19
+1 19
+1 19
+1 19
+1 19
-5 28
+1 28
+1 28
+1 28
+1 28
+1 28
+10 63
+1 63
+1 63
+2 63
+6 63
+1 63
+1 63
+1 63
+1 63
+5 63
+2 1
+1 1
+1 2
+8 1
+1 1
+3 1
+1 1
+1 1
+1 1
+1 1
+1 1
696 1
+1 1
+1 1
+1 1
+1 1
+2 1
+1 1
+1 1
+1 1
+1 1
+1 1
+1 1
+1 1
+4 1
+1 1
+1 1
+6 1
+1 1
+1 2
+4 1
+1 1
+3 1
+1 1
+1 1
+3 1
+1 1
+1 1
+6 1
+1 1
+1 1
+1 1
+1 1
+1 1
+72 2
+1 2
+1 2
+1 2
+1 2
+2 2
+1 2
+1 2
+1 2
+1 2
+1 2
+1 2
+1 2
+4 2
+1 2
+1 2
+6 2
+1 2
+1 4
+4 2
+1 2
+3 2
+1 2
+1 2
+3 2
+1 2
+1 2
+6 2
+1 2
+1 2
+1 2
+1 2
+1 2
+72 13
+1 13
+1 13
+1 13
+1 13
+2 13
+1 13
+1 13
+1 13
+1 13
+1 13
+1 13
+1 12
+4 12
+1 12
+1 12
+6 12
+1 12
+1 24
+4 12
+1 12
+3 12
+1 12
+1 12
+3 12
+1 12
+1 12
+6 12
+1 12
+1 12
+1 12
+1 12
+1 12
+72 2
+1 2
+1 2
+1 2
+1 2
+2 2
+1 2
+1 2
+1 2
+1 2
+1 2
+1 2
+1 2
+4 2
+1 2
+1 2
+6 2
+1 2
+1 4
+4 2
+1 2
+3 2
+1 2
+1 2
+3 2
+1 2
+1 2
+6 2
+1 2
+1 2
+1 2
+1 2
+1 2
+7 1
+1 1
+2 1
+1 1
+2 1
+1 1
+1 1
+3 1
+1 1
+1 1
+6 1
+1 1
+1 1
+1 1
+1 1
+1 1
+41 2
+1 2
+1 2
+1 2
+1 2
+2 2
+1 2
+1 2
+1 2
+1 2
+1 2
+1 2
+1 2
+4 2
+1 2
+1 2
+6 2
+1 2
+1 4
+4 2
+1 2
+3 2
+1 2
+1 2
+3 2
+1 2
+1 2
+6 2
+1 2
+1 2
+1 2
+1 2
+1 2
+72 1
+1 1
+1 1
+1 1
+1 1
+2 1
+1 1
+1 1
+1 1
+1 1
+1 1
+1 1
+1 1
+4 1
+1 1
+1 1
+6 1
+1 1
+1 2
+4 1
+1 1
+3 1
+1 1
+1 1
+3 1
+1 1
+1 1
+6 1
+1 1
+1 1
+1 1
+1 1
+1 1
+72 2
+1 2
+1 2
+1 2
+1 2
+2 2
+1 2
+1 2
+1 2
+1 2
+1 2
+1 2
+1 2
+4 2
+1 2
+1 2
+6 2
+1 2
+1 4
+4 2
+1 2
+3 2
+1 2
+1 2
+3 2
+1 2
+1 2
+6 2
+1 2
+1 2
+1 2
+1 2
+1 2
+72 11
+1 11
+1 11
+1 11
+1 11
+2 11
+1 11
+1 11
+1 11
+1 11
+1 11
+1 11
+1 11
+4 11
+1 11
+1 11
+6 11
+1 11
+1 22
+4 11
+1 11
+3 11
+1 11
+1 11
+3 11
+1 11
+1 11
+6 11
+1 11
+1 11
+1 11
+1 11
+1 11
+72 1
+1 1
+1 1
+1 1
+1 1
+2 1
+1 1
+1 1
+1 1
+1 1
+1 1
+1 1
1821 10
+1 10
+1 10
+1 10
+1 10
+2 10
+1 10
+1 10
+1 10
+1 10
+1 10
+1 10
+1 7
+4 7
+1 7
+1 7
+6 7
+1 7
+1 14
+4 7
+1 7
+3 7
+1 7
+1 7
+3 7
+1 7
+1 7
+6 7
+1 7
+1 7
+1 7
+1 7
+1 7
+72 1
+1 1
+1 1
+1 1
+1 1
+2 1
+1 1
+1 1
+1 1
+1 1
+1 1
+1 1
+1 1
+4 1
+1 1
+1 1
+6 1
+1 1
+1 2
+4 1
+1 1
+3 1
+1 1
+1 1
+3 1
+1 1
+1 1
+6 1
+1 1
+1 1
+1 1
+1 1
+1 1
+72 1
+1 1
+1 1
+1 1
+1 1
+2 1
+1 1
+1 1
+1 1
+1 1
+1 1
+1 1
2200 42
+2 42
+1 42
+1 42
+1 42
-3 68
+1 68
+1 68
+1 68
+1 38
+5 19
+6 19
+1 19
+8 19
+1 19
-16 137
+6 137
+1 137
+8 137
+1 137

fl=(33)
fn=(168)
107 1
+13 1
-13 1
+36 1
+12 1
+4 1

fn=(302)
944 7
+6 1
+3 1
+1 1
+4 3
+41 2
+3 4
-1 1
+1 1
+2 6

fn=(304)
494 8
+1 2
+4 1
+6 1
-6 1
+6 2
-4 1
+16 1
-15 2
+20 8
+9 3
+1 2
+6 3
+3 1
-2 1
+6 1
-6 1
+2 1
+4 1
-4 3
+1 1
+2 2
+4 2
+1 4
+2 2
+1 2
+12 1
-3 1
+3 2
cfi=(19)
cfn=(76)
calls=1 122 
* 12
* 5
cfi=(29)
cfn=(78)
calls=1 109 
* 33
-36 1
-6 4
+6 4
+50 2
+3 9

fn=(188)
191 7
+6 3
+3 2
+36 3
+2 1
-2 1
-2 1
-40 1
-1 1
-1 1
+46 2
+23 3
+3 1
-3 4
+2 2
+10 1
-12 1
-25 6
+2 2
+3 1
-1 1
+5 2
-5 1
+1 1
-1 1
+3 2
+2 3
+32 2
-1 1
+53 1
-52 4
+2 2
+51 8

fn=(98)
169 2
+1 1
+15 2

fn=(186)
69 1
+4 1
-4 1
+4 1
-4 3
+4 3
cfi=(8)
cfn=(26)
calls=1 367 
* 19
* 1
+1 4
cfi=(8)
cfn=(26)
calls=1 367 
* 19
* 3
+6 1
+2 4
+5 1
-2 1
+4 3
+1 2
+1 5

fn=(190)
389 1
+13 1
-13 2
+2 1
+12 2
cfi=(18)
cfn=(44)
calls=1 49 
* 24
* 1
+1 3
+8 2
-69 1
+69 2
+1 1
+4 297
+19 1
-94 2
+1 2
cfi=(18)
cfn=(40)
calls=1 92 
* 33
* 1
+1 2
+3 1
+6 2
+89 5

fl=(18)
fn=(82)
265 6
+2 4
+1 4
+4 48
+7 112
-2 56
+13 1
+4 4
-22 14
+15 14
-15 30

fn=(44)
49 88
+1 22
+11 22
-11 44
+11 44
+3 22
-3 22
+3 128
+18 22
+1 22
+2 88
-16 4
+1 2
+2 1
+1 7
cfi=(42)
cfn=(136)
calls=1 -22 
* 19
* 1
+2 2
+2 2
+2 1
+4 1
-4 2
-23 1
-1 1
+1 1
+1 2
-2 2

fn=(94) free
111 12

fn=(40)
92 8
+4 8
+4 8
-1 16
+1 16
+3 8
cfn=(44)
calls=8 -54 
* 237
* 8

fl=(36) ./setjmp/../sysdeps/x86_64/setjmp.S
fn=(116) __sigsetjmp
32 3
+9 3
+1 6
+1 3
+4 3
+1 3
+1 3
+1 3
+1 3
+2 6
+2 3
+1 3
+3 6
+2 3
+19 3
+1 3

fl=(30)
fn=(88)
24 6
+1 6
+1 6
+1 6
+1 6
+1 6
+1 6
+1 6
+1 6
+1 6
+1 6
+1 6
+1 6
+1 6
+1 6
+1 6
+1 6
+1 4
+4 4
+1 4
+1 4
+1 4
+2 4
+4 2
+1 2
+1 2
+1 2
+1 2
+1 2
+1 2
+1 2
+1 2
+1 2
+1 2
+1 2
+1 2
+1 2
+1 2
+1 2
+1 2
+1 2
+1 2
+1 2
+1 2
+1 2
+1 2
+1 3
+5 1
+1 1
+3 1
+1 1
+1 1
+1 1
+1 1
+1 1
+1 1
+1 1
+1 1
+1 1
+1 1
+1 1
+1 1
+1 1
+1 1
+1 1
+1 1
+1 1
+2 1
+1 1
+2 1
+1 1
+1 1
+1 1
+1 1
+1 1
+1 1
+1 1
+2 1
+1 1
+1 1
+1 1
+1 1
+1 1
+1 1
+1 1
+1 1
+1 1
+3 1
+4 1
+1 1
+1 1
+1 1
+2 1
-9 1
+4 1
+1 1
+1 1
+1 1
+2 1

fl=(6)
fn=(10)
964 12
+2 4
+2 8
+2 4
-1 4
+3 12
+1 4
+4 4
-3 4
+7 4
-7 4
+3 4
-1 4
+3 4
+2 4
-7 4
+7 4
+5 4

fn=(200)
841 900
582 100
841 400
582 300
-1 200
+2 100
-1 100
+1 300
-1 300
+1 1289
-1 1289
+1 3867
-1 3867
+2 100
847 100
-4 100
+8 100
-8 100
+1 200
+7 278
+5 100
+5 100
-7 100
+2 100
-2 100
+6 200
-7 600
+7 20
+29 10
-29 30
+1 1300
cfn=(202) do_lookup_x
calls=100 368 
* 34630
* 300
+28 90
-23 200
+24 540
+40 90
-40 90
+40 360
+14 270
+3 270
+5 180
+2 900
-86 60
+17 10
+1 20
+59 2

fn=(204) check_match
75 368
+3 92
-3 736
+3 184
+13 360
-13 360
+13 180
+3 288
cfi=(21)
cfn=(56)
calls=27 +50 
* 1411
* 54
+4 90
+1 180
+2 178
+19 178
+1 712
+39 90
+7 540
-18 2
+2 2
+1 1
-1 2
+1 3
-1 2
+16 12
-45 267
cfi=(21)
cfn=(56)
calls=89 +22 
* 3772
* 178
-44 8
+82 4

fn=(202)
368 700
+1 100
-1 800
+48 100
-41 100
+76 100
-35 200
-16 942
+8 314
-4 314
+1 314
+3 628
+1 942
+3 314
+1 628
+7 314
-3 628
-2 314
+5 1256
+3 2198
571 675
379 630
+3 630
+4 1266
+4 628
+4 628
+88 180
fi=(20)
126 270
fe=(6)
533 180
+3 672
+16 180
+1 90
+1 180
427 372
-1 186
+2 186
+2 93
+6 372
-6 93
+6 744
+7 282
-10 920
+3 92
-1 92
+1 184
-1 92
+1 92
-1 92
+2 92
-1 92
+1 92
-1 920
cfn=(204)
calls=92 75 
* 10254
+4 276
+3 4
574 10
+1 800
-35 36
-66 6
176 21
+5 720

fl=(37)
fn=(158)
44 1
+3 1
-3 6
+3 1
-3 1
+3 1
cfi=(38)
cfn=(126)
calls=1 -10 
* 18
+1 2
+23 7
-21 5
cfi=(41)
cfn=(134)
calls=1 -17 
* 10
* 2
+2 2
+3 2
+13 2
cfi=(45)
cfn=(144)
calls=1 -42 
* 5
* 1
-11 6
cfi=(42)
cfn=(136)
calls=1 -6 
* 19
* 2

fn=(122)
282 70
+1 28
cfi=(21)
cfn=(56)
calls=14 144 
* 336
* 14
+1 14
-1 28
+3 14
+2 28
+4 15
-4 30
+1 54
cfi=(21)
cfn=(56)
calls=18 144 
* 508
* 36
-5 3
+11 23
-1 11
+1 33

fl=(8)
fn=(26)
367 120
+9 20
-9 78
+9 3
+17 100
+2 20
-9 17
+1 17

fn=(14)
283 8
-9 4
67 65
+6 20
-3 20
+3 1191
-6 40
358 8
77 40
+5 20
-9 20
-6 20
fi=(9) ./elf/dl-tunables.h
+52 20
fe=(8)
-37 60
fi=(9)
+38 60
-1 30
+5 10
-5 20
+1 60
fe=(8)
324 60
-12 2800
fi=(9)
119 360
fe=(8)
-52 180
fi=(9)
+52 540
+1 18
-1 234
+1 558
fe=(8)
306 2240
70 40

fl=(48)
fn=(154)
33 24
+1 16
+1 32
+4 1
-4 28

fl=(35)
fn=(114)
175 6
+5 3
-5 9
+5 3
-2 6
+21 3
+7 6
-7 3
+1 6
+3 6
+3 3
cfi=(36)
cfn=(116)
calls=3 32 
* 57
* 9
+2 9
cfi=(47)
cfn=(150)
calls=2 61 
* 5828
cfi=(2)
cfn=(118)
calls=1 642 
* 2462
+2 3
-1 3
+1 3
-1 3
+1 6
+9 12

fn=(176)
238 5
+1 1
+1 1
+3 1
+1 1
+2 1
cfi=(2)
cfn=(178)
calls=1 675 
* 2666
+2 1
+1 1
+1 4

fn=(110)
225 9
+2 2
cfn=(114)
calls=1 -52 
* 2515
* 1
+1 2
+1 1
+1 1
-1 1
+1 1
+2 5

fl=(102)
fn=(390)
66 20
+6 20
-6 10
+3 20
+3 30
-4 10
+5 10
+2 10
-2 50
+2 10
-2 10
+2 10
+5 20
+4 20
+4 30
+4 20
+1 40
-7 40
+16 10
-1 10
+1 20
+10 100
cfi=(6)
cfn=(200)
calls=10 841 
* 5868
* 10
+4 50
+10 90
+7 10
+8 40
+4 30
fi=(5)
+97 10
fe=(102)
-93 40
fi=(130) ./elf/../sysdeps/x86_64/dl-irel.h
32 2
cob=(3)
cfi=(68)
cfn=(236)
calls=1 +9 
* 8
cob=(3)
cfi=(70)
cfn=(240)
calls=1 +10 
* 18
* 4
fe=(102)

fl=(53)
fn=(170)
34 2
-4 2
+1 2
+3 2
-3 2
-1 2
+5 2
-5 4
+5 2
+11 2
-1 4
+18 8

fl=(55)
fn=(174)
28 24
+2 4
+4 4
+1 2
-2 2
+1 16
+1 4
cfi=(29)
cfn=(78)
calls=2 +74 
* 30
* 18
+4 4
+3 2
-3 4
+1 6
+2 2
-3 8
+3 4
-3 8
+1 12
+2 4
+12 24
+2 12
+1 8
-1 6
+1 4
+33 12
-36 24
+61 18
-31 8
-25 18
+1 12
+58 28
cfi=(29)
cfn=(78)
calls=4 -9 
* 64
* 16
-28 9
-44 12
+69 2
+7 16

ob=(2)
fl=(17)
fn=(364)
0 6

fn=(656)
0 3

fn=(646) 0x000000000482e040
0 1
cob=(3)
cfi=(144) ./stdlib/cxa_finalize.c
cfn=(622) __cxa_finalize
calls=1 30 
0 74

fn=(318)
0 6

fn=(92)
0 3
cob=(1)
cfi=(18)
cfn=(94)
calls=3 111 
0 12

fn=(620)
0 1
cob=(3)
cfi=(144)
cfn=(622)
calls=1 30 
0 74

fn=(638)
0 3

fn=(414) 0x0000000004865308
0 2
cob=(3)
cfi=(110)
cfn=(416)
calls=2 3031 
0 75150

ob=(4)
fl=(85)
fn=(650) 0x0000000000001050
0 5

fn=(640)
0 8
cob=(2)
cfi=(17)
cfn=(646)
calls=1 0 
0 75
0 1
cfn=(650)
calls=1 0 
0 5
0 3

fn=(322)
0 11

ob=(3)
fl=(69)
fn=(238)
41 3
-2 1
+2 1
-2 2
+14 1

fl=(88) ./string/../sysdeps/x86_64/multiarch/strrchr-avx2.S
fn=(334) __strrchr_avx2
43 1
+1 1
+2 1
+1 1
+3 1
+1 1
+1 1
+33 1
+1 1
+1 1
+1 1
+1 1
+1 1
+1 1
+1 1
+1 1
+1 1
+3 1
+1 1
+9 1
+1 1
+99 1
+1 1
+8 1
+1 1
+1 1
+1 1
+1 1
+2 1
+1 1
+1 1
+1 1
+1 1

fl=(126)
fn=(498)
37 50
-5 175
+7 75
+8 350
+4 25
-4 50
+4 25
+1 25
+1 50
-1 25
+1 100
-2 25
+2 25
cfi=(127) ./libio/iogetline.c
cfn=(500) _IO_getline
calls=25 -19 
* 2474
+3 25
+1 25
-1 50
fi=(120) ./libio/libioP.h
885 250
fe=(126)
66 175
-10 50
+4 25
+3 100
fi=(120)
884 75
fe=(126)

fl=(133)
fn=(538)
28 26700
+4 2225
+1 4450
-1 4450
+1 2225
-1 2225
+1 2225
-1 2225
+1 2225
-1 2225
+1 2225
cfi=(134) ./stdio-common/vfprintf-internal.c
cfn=(540) __vfprintf_internal
calls=2225 1289 
* 1135853
+4 11125

fl=(103)
fn=(394)
25 132
+4 11
+1 22
-1 22
+1 11
-1 11
+1 11
-1 11
+1 11
-1 11
+1 11
cfi=(104) ./stdio-common/vfscanf-internal.c
cfn=(396) __vfscanf_internal
calls=11 278 
* 83327
+4 55

fl=(61)
fn=(248)
32 4
fi=(72) ./string/../sysdeps/x86_64/multiarch/strncase.c
-1 1
fe=(61)

fn=(272)
32 4
fi=(78) ./string/../sysdeps/x86_64/multiarch/strcasecmp_l.c
-1 1
fe=(61)

fn=(214)
32 4
fi=(62) ./string/../sysdeps/x86_64/multiarch/strcasecmp.c
-1 1
fe=(61)

fn=(296)
32 4
fi=(83) ./string/../sysdeps/x86_64/multiarch/strncase_l.c
-1 1
fe=(61)

fl=(127)
fn=(502) _IO_getline_info
49 325
+2 50
+2 75
+2 100
+28 25
+2 125
cfi=(128) ./string/../sysdeps/x86_64/multiarch/memchr-avx2.S
cfn=(506) __memchr_avx2
calls=25 -42 
* 550
* 25
* 25
+1 50
-29 75
+1 50
+31 25
+1 25
-2 50
+1 25
+1 50
+2 25
+2 50
+2 125
cfi=(129) ./string/../sysdeps/x86_64/multiarch/memmove-vec-unaligned-erms.S
cfn=(510) __memcpy_avx_unaligned_erms
calls=25 233 
* 274
* 25
+1 25
+1 25
-1 25
+10 200

fn=(500)
34 50
cfn=(502)
calls=25 +15 
* 2424

fl=(65)
fn=(242)
32 6
-2 10
fi=(149) ./wcsmbs/../sysdeps/x86_64/multiarch/wcschr.c
+1 2
fe=(65)

fn=(226)
32 6
-2 10
fi=(150) ./wcsmbs/../sysdeps/x86_64/multiarch/wmemchr.c
+1 2
fe=(65)

fn=(278)
32 3
-2 5
fi=(151) ./wcsmbs/../sysdeps/x86_64/multiarch/wcslen.c
-1 1
fe=(65)

fn=(228)
32 3
-2 6

fl=(98) ./setjmp/../sysdeps/x86_64/setjmp.S
fn=(376) __sigsetjmp
32 1
+9 1
+1 2
+1 1
+4 1
+1 1
+1 1
+1 1
+1 1
+2 2
+2 1
+1 1
+3 2
+2 1
+23 1
cfi=(99) ./setjmp/sigjmp.c
cfn=(378) __sigjmp_save
calls=1 -56 
* 8

fl=(112) ./malloc/arena.c
fn=(422) ptmalloc_init.part.0
289 5
+13 1
-8 1
+8 1
+6 3
fi=(110)
1795 4
+3 2
-3 3
+3 252
-3 378
+11 1
fe=(112)
313 2
fi=(110)
1807 1
fe=(112)
313 1
fi=(110)
1809 1
fe=(112)
313 2
cob=(1)
cfi=(101)
cfn=(389)
calls=1 72 
* 839
* 5
+1 4
cob=(1)
cfi=(8)
cfn=(26)
calls=1 +53 
* 19
* 1
+1 4
cob=(1)
cfi=(8)
cfn=(26)
calls=1 +52 
* 18
* 1
+1 4
cob=(1)
cfi=(8)
cfn=(26)
calls=1 +51 
* 19
* 1
+1 4
cob=(1)
cfi=(8)
cfn=(26)
calls=1 +50 
* 19
* 1
+1 4
cob=(1)
cfi=(8)
cfn=(26)
calls=1 +49 
* 18
* 1
+1 4
cob=(1)
cfi=(8)
cfn=(26)
calls=1 +48 
* 19
* 1
+1 4
cob=(1)
cfi=(8)
cfn=(26)
calls=1 +47 
* 19
* 1
+2 4
cob=(1)
cfi=(8)
cfn=(26)
calls=1 +45 
* 19
* 1
+1 4
cob=(1)
cfi=(8)
cfn=(26)
calls=1 +44 
* 19
* 1
+1 4
cob=(1)
cfi=(8)
cfn=(26)
calls=1 +43 
* 19
* 1
+3 4
cob=(1)
cfi=(8)
cfn=(26)
calls=1 +40 
* 19
* 1
+69 2
+1 2
+3 1
+1 6
-98 5
cfi=(113) ./elf/dl-addr.c
cfn=(424) _dl_addr
calls=1 126 
* 72477
* 2
+1 4

fl=(116) ./malloc/morecore.c
fn=(448) __default_morecore
46 23
+1 23
cfi=(117) ./misc/sbrk.c
cfn=(450) sbrk
calls=23 -15 
* 801
+2 69
+3 46

fl=(124) ./stdlib/../stdlib/strtol_l.c
fn=(474) ____strtol_l_internal
226 22
+54 11
-54 44
+19 11
-19 44
+26 22
+31 44
+9 66
+2 22
+5 22
+5 11
-6 11
+7 33
+3 33
+10 22
+10 44
-82 22
434 44
310 11
450 11
+10 33
-10 11
+10 11
+12 22
-5 18
+5 18
+1 54
-41 36
+2 50
+2 54
+28 54
+3 36
+11 22
+5 33
+1 11
+5 22
325 22
492 33
-2 22
+17 55
+18 88

fl=(121) ./io/../sysdeps/unix/sysv/linux/read.c
fn=(466) read
26 193218
+1 32203

fl=(141) ./stdlib/exit.c
fn=(606) __run_exit_handlers
40 10
+5 3
+11 3
fi=(96) ./stdlib/../sysdeps/unix/sysv/linux/x86/lowlevellock.h
-9 1
fe=(141)
+9 3
fi=(96)
-9 1
fe=(141)
+9 2
fi=(96)
-9 2
fe=(141)
+12 2
+2 5
+51 1
fi=(96)
-65 1
fe=(141)
+65 2
fi=(96)
-65 1
fe=(141)
+67 2
-44 6
+2 1
+1 1
-1 1
+4 4
+1 8
+29 1
+2 1
-5 1
+5 1
-2 2
+2 1
cob=(1)
cfi=(143)
cfn=(612)
calls=1 -78 
* 697
+1 1
+11 2
+1 2
+5 5
-61 1
+1 4
+63 2
+1 6
cfi=(106) ./libio/genops.c
cfn=(658) _IO_cleanup
calls=1 863 
* 626
* 3
+2 2
cfi=(147) ./posix/../sysdeps/unix/sysv/linux/_exit.c
cfn=(676) _Exit
calls=1 27 
* 4
-86 1
cfi=(142) ./stdlib/cxa_thread_atexit_impl.c
cfn=(608) __call_tls_dtors
calls=1 +99 
* 11
* 1

fn=(604) exit
138 1
+1 4
cfn=(606)
calls=1 -99 
* 1435

fl=(125)
fn=(488)
34 772132
+3 386066
+1 1061622
+5 900781
-5 32192
cfi=(106)
cfn=(400) __uflow
calls=32192 299 
* 6148672

fl=(91)
fn=(342) handle_intel.constprop.0
259 21
+2 9
+3 6
+8 6
+3 6
-2 3
+2 3
-5 6
+11 15
+5 6
+2 3
+1 3
-1 3
+5 12
cfn=(344) intel_check_word.constprop.0
calls=3 132 
* 993
+2 6
+3 15
cfn=(344)
calls=3 132 
* 317
+2 6
+19 33

fn=(344)
132 18
-4 24
+10 18
-10 6
+10 24
+2 12
+68 18
+3 36
-71 24
+2 15
+2 30
+8 30
+51 24
+22 12
fi=(92) ./string/../bits/stdlib-bsearch.h
28 12
-1 24
+8 66
-6 162
+2 162
+1 81
fe=(91)
+87 162
+3 81
fi=(92)
-85 30
fe=(91)
+97 3
255 24
-91 9
+3 9
-6 3
+3 6
+9 6
+1 6
+22 5
-32 15
+3 15
+4 16
+2 32
+2 14
+1 4
+5 3
+2 6
+2 3
+2 3
+1 3
-2 3
-1 3
+2 6
-2 3
+3 3
-2 9
+2 9
-11 10
+1 6
+1 2

fn=(340)
488 7
+14 2
769 1
+13 1
502 2
772 2
+2 1
+1 1
+2 1
-3 1
+5 1
-5 1
+4 3
+4 2
+3 2
+2 1
+1 1
+2 1
-3 1
+5 1
-5 1
+4 3
+15 1
+2 6
-2 1
+3 8
500 1
+4 1
-4 1
+4 1
cfn=(342)
calls=1 259 
* 457
+2 1
-2 1
+2 1
cfn=(342)
calls=1 259 
* 495
+5 1
-5 1
+5 1
cfn=(342)
calls=1 259 
* 520
* 1
+8 2
-9 1
+20 1
+5 2
+4 2
+8 6
+3 4
+6 2
-6 9
+6 6
+3 26
+14 2
+4 1
+3 1
+1 1
-4 1
+3 1
-3 1
+3 1
+6 4
-39 6
691 4
+1 5
+4 2
+73 2
564 2
+4 1
+1 1
-1 2
+1 1
+23 2
+8 2
+2 1
-2 6
+2 4
-2 1
+4 1
+23 2
-25 2
+2 6
+2 6
+3 2
+1 8
+2 4
+3 2
+5 1
+2 2
+1 1
+1 1
-2 2
+1 1
+1 1
+27 2
+1 2
+2 1
-1 1
+1 1
-24 2
-7 1
+11 2
+3 1
+2 4
+1 1
+5 2

fl=(147)
fn=(676)
27 1
+4 1
+2 2

fl=(77)
fn=(266)
40 3
-2 1
+2 1
-2 2
+11 1

fl=(110)
fn=(444) _int_malloc
3513 513933
1208 146838
+2 367095
3553 8
+24 8
+61 73417
+2 73417
-2 73417
+2 146834
4147 660771
1210 146830
3553 146830
4131 146830
3577 146830
+58 8
+62 67
+1 6
3577 8
1210 8
3582 8
+2 8
-2 146822
+2 146822
+5 440478
4133 146834
3637 73417
4133 954421
3718 73417
-1 73417
-1 73417
+1 146834
+1 146836
-1 2
-1 2
+1 4
+1 4
-2 146836
+6 73418
+6 73418
+67 220254
-67 220254
-6 1
+6 1
+67 3
-67 3
3917 146838
+2 6
+3 2
-3 2
+3 4
+68 146838
+1 73419
+1 73419
-1 73419
+3 73419
-2 73419
+2 73419
-1 146838
+1 73419
+5 146838
+7 881004
-3 881010
4103 73419
+1 146838
+2 146838
+3 220279
+17 66
3638 6
4141 88
cfn=(446) sysmalloc
calls=22 2255 
* 3545
* 22
+1 44
-22 220257
cfn=(454) alloc_perturb
calls=73419 1868 
* 293676
+1 73419
-7 73397
-3 73397
+1 73397
-1 73397
+3 73397
-1 73397
+1 73397
+2 73397
-2 366985
+2 73397
+3 146794

fn=(416)
3031 73418
-8 293672
+8 73418
+1 146836
1208 146834
+2 293668
3044 293668
+3 146834
+9 220251
+2 220251
cfn=(444)
calls=73417 3513 
* 11015741
* 73417
+1 513919
+23 367085
1210 73413
3042 220239
+7 220248
-16 1
+49 3
-49 1
cfi=(111) ./malloc/hooks.c
cfn=(418) malloc_hook_ini
calls=1 30 
* 74949

fn=(417) malloc'2
3031 1
-8 4
+8 1
+1 2
1208 2
+2 4
3044 4
+12 3
+2 3
cfn=(444)
calls=1 3513 
* 149
* 1
+1 7
+23 5
1210 1
3042 3
-64 4
cfn=(440) tcache_init.part.0
calls=1 +3 
* 472
+69 2
+1 4
+1 3

fn=(440)
2981 1
-9 1
+9 6
fi=(115) ./malloc/../sysdeps/unix/sysv/linux/x86/lowlevellock.h
47 2
fe=(110)
2982 3
cfn=(444)
calls=1 3513 
* 358
* 1
+1 2
+8 4
+7 2
+2 1
+1 2
-1 1
+1 86
+3 2

fn=(446)
2255 176
+20 44
+11 44
+1 110
fi=(112)
536 66
fe=(110)
2302 88
+66 22
+1 66
+1 22
+9 193
+6 66
+3 66
2705 44
+1 22
+5 44
+3 44
+5 22
-2 22
+5 22
-6 22
+3 44
-1 22
+1 44
+1 22
-1 44
+1 22
+8 198
2379 110
-77 44
2449 44
+11 22
+8 44
+2 110
cfi=(116)
cfn=(448)
calls=22 46 
* 937
+4 66
-4 22
+4 22
+3 44
+1 44
+48 22
-2 44
+2 22
-2 65
+2 21
+6 42
-6 1
+6 44
+1 21
2710 21
2533 63
-8 2
2662 1
-1 1
-1 1
+1 2
+1 1
-1 1
+1 1
+11 2
2535 4
+40 3
+22 2
+1 5
+2 1
+1 5
cfi=(116)
cfn=(448)
calls=1 46 
* 25
+12 3
-12 1
+12 1
+8 2
+1 2
+1 3

fn=(454)
1868 220257
+2 73419

fl=(66)
fn=(232)
34 1
-1 2
+1 1
-2 2
+2 3
+1 2
fi=(67) ./string/../sysdeps/x86_64/multiarch/memcmp.c
-6 1
fe=(66)

fl=(136) ./string/../sysdeps/x86_64/multiarch/strlen-avx2.S
fn=(584) __strlen_avx2
55 22
+1 22
+1 22
+3 22
+1 22
+1 22
+3 17
+1 17
+1 17
+8 17
+19 5
+1 5
+1 5
+1 5
+2 5
+1 5
+1 5
+1 5
+6 5
+1 5
+1 5
+4 5
+1 5
335 17
+1 17
+1 17
+4 17
+1 17

fn=(552) __strnlen_avx2
45 2111
+1 2111
+7 2111
+2 2111
+1 2111
+1 2111
+3 2111
+1 2111
+1 2111
+32 2111
+1 2111
+1 2111
+1 2111
+2 2111
+1 2111
+1 2111
+1 2111
+3 2111
+1 2111
320 2111
+4 2111
+1 2111

fl=(70)
fn=(240)
42 10
+4 4
-1 4
+6 4
+6 4
+2 10

fl=(86)
fn=(328)
52 3
+3 3
+14 1
+8 1
-10 1
+1 1
+1 1
+8 1
cfi=(87) ./misc/init-misc.c
cfn=(330) __init_misc
calls=1 -46 
* 58
+8 2
-5 1
cfi=(89) ./ctype/ctype-info.c
cfn=(336) __ctype_init
calls=1 -49 
* 16
-18 1
-7 1
+7 4

fl=(145) ./nptl/register-atfork.c
fn=(626) __unregister_atfork
79 4
+1 6
fi=(146) ./nptl/../sysdeps/unix/sysv/linux/x86/lowlevellock.h
-33 4
fi=(152) ./nptl/../malloc/dynarray-skeleton.c
239 2
fe=(145)
68 4
+38 8
+1 4

fl=(128)
fn=(506)
43 25
+1 25
+2 25
+2 25
+9 25
+3 25
+1 25
+1 25
+32 25
+1 25
+1 25
+1 25
+2 25
+1 25
+1 25
+1 25
+3 25
+1 25
+2 25
+1 25
+1 25
+1 25

fl=(117)
fn=(450)
32 46
+8 23
-8 46
+8 135
+4 46
+4 88
+12 5
-19 2
cfi=(118) ./misc/../sysdeps/unix/sysv/linux/x86_64/brk.c
cfn=(452) brk
calls=1 -10 
* 10
* 2
+4 2
+11 22
cfi=(118)
cfn=(452)
calls=22 -25 
* 220
* 44
+4 110

fl=(107) ./libio/fileops.c
fn=(464) _IO_file_read
1132 32203
+2 32203
-1 32203
+1 64406
cfi=(121)
cfn=(466)
calls=32203 26 
* 225421

fn=(596) new_do_write
432 4
fi=(120)
943 4
fe=(107)
432 8
fi=(120)
941 4
fe=(107)
432 4
fi=(120)
941 4
fe=(107)
432 4
fi=(120)
941 4
fe=(107)
432 20
+12 4
fi=(120)
943 8
fe=(107)
434 8
fi=(120)
944 8
fe=(107)
449 16
cfn=(600) _IO_file_write@@GLIBC_2.2.5
calls=4 1174 
* 176
+1 4
-1 4
+1 16
+2 4
+4 4
-4 12
+1 8
+3 12
-2 4
+4 36
-17 16
+14 12

fn=(548) _IO_file_xsputn@@GLIBC_2.2.5
1198 20091
+7 6697
-7 26788
+6 22338
+9 8944
-2 17888
+17 13416
+1 4470
+3 4470
-3 4470
+3 8940
+2 4470
+2 4470
+2 13410
-2 4470
cfi=(129)
cfn=(566) __mempcpy_avx_unaligned_erms
calls=4470 220 
* 73866
* 4470
+1 4470
+1 4470
-2 4470
+4 8940
+27 8936
+1 60273
-36 2
+12 2
fi=(120)
941 6
+2 4
+1 4
fe=(107)
1244 2
fi=(120)
941 6
+2 4
+1 4
fe=(107)
1244 12
cfn=(556) _IO_file_overflow@@GLIBC_2.2.5
calls=4 732 
* 766
* 8
+6 8
+1 28
+2 8
+11 12
+1 16
cfi=(106)
cfn=(560) _IO_default_xsputn
calls=4 371 
* 258
+2 12

fn=(674) _IO_file_sync@@GLIBC_2.2.5
793 8
+5 8
+2 2
+1 4
+11 4
+4 8

fn=(670) _IO_file_setbuf@@GLIBC_2.2.5
382 4
+1 2
cfi=(106)
cfn=(672) _IO_default_setbuf
calls=2 +69 
* 134
* 4
+4 4
-1 4
+2 6
+2 2
+1 4

fn=(404) _IO_file_underflow@@GLIBC_2.2.5
466 96609
-4 257624
+7 64406
+6 96609
+3 64406
+12 64404
+7 354233
fi=(119) ./libio/../sysdeps/unix/sysv/linux/x86/lowlevellock.h
47 32203
fe=(107)
497 64406
fi=(119)
47 32203
fe=(107)
499 32203
-2 32203
+2 32203
-2 32203
+2 32203
fi=(120)
941 64406
fe=(107)
499 32203
-2 32203
fi=(120)
941 32203
+2 32203
-2 32203
fe=(107)
499 64406
fi=(120)
884 64406
+1 354233
fe=(107)
506 64406
cfi=(106)
cfn=(462) _IO_switch_to_get_mode
calls=32203 164 
* 772872
+11 32203
-5 32203
fi=(120)
943 32203
fe=(107)
512 32203
fi=(120)
943 32203
fe=(107)
512 32203
+1 32203
+2 32203
-1 64406
fi=(120)
944 64406
fe=(107)
517 128812
cfn=(464)
calls=32203 1132 
* 386436
+2 64406
+16 32203
-9 32203
+9 64406
+2 64406
+1 257624
-57 3
+5 2
cfi=(106)
cfn=(406) _IO_doallocbuf
calls=1 344 
* 75091
+4 3

fn=(600)
1174 24
+2 24
+5 4
cfi=(140) ./io/../sysdeps/unix/sysv/linux/write.c
cfn=(602) write
calls=4 26 
* 32
+1 8
+5 4
+1 4
-12 8
+4 12
+1 8
+10 12
+3 24
-4 12

fn=(558) _IO_do_write@@GLIBC_2.2.5
426 11
+1 1
-3 8
+2 4
cfn=(596)
calls=4 +6 
* 408
* 4
+1 4
-1 12
+1 4

fn=(410) _IO_file_stat
1147 2
+1 6
cfi=(109) ./io/../sysdeps/unix/sysv/linux/wordsize-64/fxstat.c
cfn=(412) _fxstat
calls=2 33 
* 20

fn=(556)
732 20
+1 15
+7 28
+37 4
-2 10
-32 2
+12 2
+9 3
+5 3
+2 2
-5 1
+5 1
+1 1
-5 1
+1 1
+4 4
+5 5
+11 5
-12 5
+12 10
-11 5
-1 5
cfn=(558)
calls=5 426 
* 456
-31 2
cfi=(106)
cfn=(406)
calls=1 344 
* 305
+1 1
+9 1
-9 4

fl=(81)
fn=(290)
34 1
-1 2
+1 1
-2 2
+2 3
+1 2
fi=(82) ./wcsmbs/../sysdeps/x86_64/multiarch/wmemcmp.c
-6 1
fe=(81)

fl=(95) ./stdlib/cxa_atexit.c
fn=(360) __new_exitfn
88 2
-6 4
+11 4
-10 2
+12 4
-2 1
+10 1
-10 3
+45 1
+5 1
-4 1
+4 4
-18 1
-1 1
+1 1

fn=(356) __internal_atexit
36 5
+5 6
+2 1
fi=(96)
+4 1
fe=(95)
-4 2
fi=(96)
+4 2
fe=(95)
-3 2
cfn=(360)
calls=1 +44 
* 31
+2 2
+7 1
+3 1
-3 2
+4 1
-2 1
+3 1
+1 4
+2 7

fn=(354) __cxa_atexit
70 2
cfn=(356)
calls=1 -34 
* 70

fl=(113)
fn=(424)
126 2
+2 1
-2 8
+5 1
-5 1
+5 2
cob=(1)
cfi=(2)
cfn=(52)
calls=1 841 
* 2
+2 2
cob=(1)
cfi=(101)
cfn=(389)
calls=1 -61 
* 923
* 5
+2 3
30 1
+1 1
-1 1
+1 1
+3 2
+5 1
+6 1
-7 1
+2 3
+2 3
+3 2
+4 5
-5 4
+5 4043
+2 1010
+1 2020
-1 1
+1 2
+2 2757
+10 9308
+1 14980
+5 7074
-10 7074
+1 14148
+2 7043
+37 2
+1 1
+1 3
+3 2
+36 2
cob=(1)
cfi=(2)
cfn=(54)
calls=1 847 
* 2
+3 9
-79 2016
+52 1
+21 1
-20 2

fl=(76)
fn=(262)
37 5
+6 1

fl=(108) ./libio/filedoalloc.c
fn=(408) _IO_file_doallocate
78 16
+6 8
fi=(120)
941 6
+2 4
+1 4
fe=(108)
84 6
cfi=(107)
cfn=(410)
calls=2 1147 
* 28
* 4
+2 8
+11 8
+4 4
cob=(2)
cfi=(17)
cfn=(414)
calls=2 0 
* 75152
* 2
+1 4
+2 8
cfi=(106)
cfn=(456) _IO_setb
calls=2 329 
* 54
+1 2
+1 16
-15 1
fi=(153) ./libio/../include/sys/sysmacros.h
-44 6
fe=(108)
+44 1
-2 2
+5 2

fl=(129)
fn=(566)
220 4470
+1 4470
+1 4470
+17 4470
+1 4470
+58 4470
+1 4470
+2 4470
+1 4470
+1 4458
+1 4458
+1 2345
+1 2345
+1 2320
+1 2320
+1 2320
+2 2320
+22 12
+1 12
+1 12
+1 12
+1 12
+3 2113
+1 2113
+1 2113
+1 2113
+1 2113
+3 25
+1 25
+1 25
+1 25
+1 25

fn=(510)
233 25
+6 25
+1 25
+58 25
+1 25
+2 12
+1 12
+23 13
+1 13
+1 13
+1 13
+1 13
+4 12
+1 12
+1 12
+1 12
+1 12

fl=(99)
fn=(378)
28 2
+2 2
-1 1
+5 3

fl=(118)
fn=(452)
31 138
+2 46
+6 23
+1 23

fl=(134)
fn=(540)
1289 26700
+31 11125
+8 6676
+4 11125
+11 6675
+11 4450
fi=(154) ./stdio-common/printf-parse.h
111 4450
fe=(134)
1354 4450
fi=(154)
111 2225
cfi=(135) ./string/../sysdeps/x86_64/multiarch/strchr-avx2.S
cfn=(544) __strchrnul_avx2
calls=2225 -66 
* 40050
* 2225
fe=(134)
1369 4450
fi=(154)
111 2225
fe=(134)
1365 2225
+4 2225
+4 2225
fi=(137) ./stdio-common/../libio/libioP.h
941 2225
+2 2225
-2 4450
+2 2225
-2 2225
+2 2225
+1 4450
fe=(134)
1373 13350
cfi=(107)
cfn=(548)
calls=2225 1198 
* 42275
* 8900
+4 2225
-4 2225
+4 4450
+4 15575
-57 2225
+57 2225
-23 2225
-8 2225
+73 17800
-13 2225
-1 2225
+14 2225
-3 2225
-4 2225
-9 2225
+16 2225
-15 2225
+7 2225
-3 2225
+11 4450
-17 2225
-1 2225
+18 4450
-19 2225
-1 2225
+20 2225
-3 2225
-9 2225
-9 2225
+17 4450
-91 4448
1741 15575
+1 6675
+3 26700
1369 15575
+1 15575
fi=(105) ./stdio-common/../sysdeps/unix/sysv/linux/x86/lowlevellock.h
47 4450
fe=(134)
1370 8900
1741 13350
-36 2225
+2 4450
+8 2225
fi=(154)
111 4450
fe=(134)
1715 2225
fi=(154)
111 2225
fe=(134)
1715 2225
fi=(154)
111 2225
cfi=(135)
cfn=(544)
calls=2225 -66 
* 40050
* 2225
fe=(134)
1719 2225
-4 2225
+4 6675
fi=(137)
943 6675
+1 4450
fe=(134)
1719 13350
cfi=(107)
cfn=(548)
calls=2225 1198 
* 146850
* 28925
+2 6675
-33 44331
cfi=(136)
cfn=(552)
calls=2111 45 
* 46442
* 2111
* 21110
fi=(137)
943 6333
+1 6333
fe=(134)
1688 10555
cfi=(107)
cfn=(548)
calls=2111 1198 
* 138305
* 23221
-1 1254
cfi=(138) ./stdio-common/_itoa.c
cfn=(574) _itoa_word
calls=114 165 
* 3354
* 3770
fi=(137)
943 342
+1 228
fe=(134)
1687 684
cfi=(107)
cfn=(548)
calls=114 1198 
* 7533
* 2280
1574 6333
+1 6333
+69 27443
+43 1557
+1 228
-1 959
1579 6333
+1 8444
+15 16888
+3 8444
+18 10555
+71 1140
-43 6333
+43 228

fl=(109)
fn=(412)
33 6
+1 4
+1 8
+4 2

fl=(58)
fn=(230)
45 3
-1 2
+5 2
-1 2
+12 2
+2 5

fn=(208)
45 6
-1 4
+5 4
-1 4
+12 4
+2 10

fn=(256)
45 3
-1 2
+5 2
-1 2
+12 2
+2 5

fl=(90)
fn=(338)
84 4
+1 3
+1 3
+2 1

fl=(144)
fn=(622)
30 16
+3 2
fi=(96)
+14 2
fe=(144)
-14 4
fi=(96)
+14 4
+4 2
fe=(144)
-15 6
+4 14
-4 6
+58 8
+4 14
-4 6
+12 4
+1 4
cfi=(145)
cfn=(626)
calls=2 -28 
* 32
+2 8
+1 16

fl=(68)
fn=(236)
41 6
-2 2
+2 2
-2 4
+15 2

fl=(106)
fn=(672)
452 2
fi=(120)
941 2
fe=(106)
452 8
fi=(120)
941 2
fe=(106)
452 2
fi=(120)
941 2
fe=(106)
452 4
+1 2
fi=(120)
943 4
+1 4
fe=(106)
453 4
cfi=(107)
cfn=(674)
calls=2 793 
* 34
* 4
+4 2
330 2
462 2
-7 4
337 2
-5 2
467 2
333 2
+4 2
465 6
+1 6
+2 12
-11 2
+1 4
-1 2
330 8

fn=(462)
164 128812
+1 96609
+3 96609
+4 64406
+1 64406
+7 32203
-4 32203
+4 32203
-2 64406
+3 32203
+1 128812

fn=(560)
371 36
+3 8
fi=(120)
941 28
fe=(106)
389 8
+8 4
+2 8
-20 16
+2 4
+1 8
+2 8
+19 4
+1 32
fi=(120)
947 8
fe=(106)
394 8
-1 12
+1 20
-1 30
+1 16

fn=(402) _IO_default_uflow
361 32203
fi=(120)
941 64406
fe=(106)
361 32203
fi=(120)
941 32203
fe=(106)
361 64406
+1 32203
fi=(120)
943 64406
+1 64406
fe=(106)
362 64406
cfi=(107)
cfn=(404)
calls=32203 466 
* 4325893
+1 64406
+2 128812
+1 128812

fn=(468) _IO_sputbackc
635 88
+3 66
+1 44
+9 22
+3 88
-10 44
+1 22
+5 22

fn=(658)
863 1
+3 1
-3 9
+3 1
cfn=(660) _IO_flush_all_lockp
calls=1 686 
* 258
-80 1
+80 1
-80 2
+1 6
fi=(119)
47 2
fe=(106)
787 2
+3 1
-3 2
+3 2
fi=(120)
941 4
fe=(106)
807 2
+31 3
-48 9
+9 9
+2 6
+6 16
fi=(119)
47 4
fe=(106)
807 4
+8 10
+9 2
fi=(120)
943 4
+1 4
fe=(106)
824 8
cfi=(107)
cfn=(670)
calls=2 382 
* 164
+2 6
+4 10
+1 20
+11 10
+1 2
+35 12
-92 4
+31 4
+2 2
+1 2
-1 2
+2 6
-14 8

fn=(660)
686 8
+5 6
+1 6
fi=(119)
47 2
fe=(106)
692 2
+3 1
-8 1
+5 2
+3 2
fi=(120)
941 3
fe=(106)
699 2
+7 1
fi=(120)
943 2
+1 2
fe=(106)
706 3
cfi=(107)
cfn=(556)
calls=1 +26 
* 136
+1 3
+2 6
+2 3
-16 9
+2 3
+1 6
+3 20
+14 10
+1 3
+4 12
-29 4

fn=(456)
329 18
+1 8
+5 4
-3 2
+3 4
-2 2
+2 4
+3 12

fn=(406)
344 4
-1 6
+3 8
+1 2
fi=(120)
941 6
+2 4
+1 4
fe=(106)
347 4
cfi=(108)
cfn=(408)
calls=2 78 
* 75346
* 4
+3 8

fn=(400)
299 128812
+1 96609
+5 64406
+3 96609
+2 64406
+6 64406
+7 32203
fi=(120)
941 96609
+2 64406
+1 64406
fe=(106)
323 32203
+1 32203
-1 32203
+1 64406
-1 32203
cfn=(402)
calls=32203 +38 
* 5098765
-23 64406
+21 96609

fl=(142)
fn=(608)
145 3
+1 4
+18 4

fl=(64)
fn=(222)
32 3
-2 5
fi=(155) ./string/../sysdeps/x86_64/multiarch/strrchr.c
-2 1
fe=(64)

fn=(270)
32 3
-2 5
fi=(156) ./string/../sysdeps/x86_64/multiarch/memrchr.c
-1 1
fe=(64)

fn=(244)
32 6
-2 10
fi=(157) ./string/../sysdeps/x86_64/multiarch/strnlen.c
+1 2
fe=(64)

fn=(294)
32 3
-2 5
fi=(158) ./string/../sysdeps/x86_64/multiarch/strchrnul.c
+1 1
fe=(64)

fn=(224)
32 3
-2 5
fi=(159) ./string/../sysdeps/x86_64/multiarch/rawmemchr.c
+1 1
fe=(64)

fn=(268)
32 3
-2 5
fi=(160) ./string/../sysdeps/x86_64/multiarch/strlen.c
-1 1
fe=(64)

fn=(276)
32 3
-2 5
fi=(161) ./string/../sysdeps/x86_64/multiarch/memchr.c
-1 1
fe=(64)

fl=(87)
fn=(330)
31 2
-1 4
+1 3
+2 3
cfi=(88)
cfn=(334)
calls=1 +10 
* 33
* 1
+4 5
+1 3
+2 4

fl=(75)
fn=(260)
32 4
-2 2
+2 6
-2 4
+5 2
-1 2
+1 2
-1 6
fi=(162) ./wcsmbs/../sysdeps/x86_64/multiarch/wmemset.c
-3 4
fe=(75)

fl=(71)
fn=(280)
30 5
fi=(163) ./string/../sysdeps/x86_64/multiarch/strspn.c
-1 1
fe=(71)

fn=(246)
30 5
fi=(164) ./string/../sysdeps/x86_64/multiarch/strcspn.c
-1 1
fe=(71)

fn=(264)
30 5
fi=(165) ./string/../sysdeps/x86_64/multiarch/strpbrk.c
-1 1
fe=(71)

fl=(132)
fn=(530)
82 119
+1 119
+1 119
+6 119
+2 119
+1 119
+2 119
+1 119
+1 119
+1 119
+1 119
+2 119
+1 119
+1 119
+1 119
+1 119
+1 119
+1 119
+1 119
+4 119
+1 119
+13 114
+1 114
+1 114
+2 114
+1 114
695 5
+1 5
+1 5

fl=(135)
fn=(544)
45 4450
+2 4450
+1 4450
+1 4450
+2 4450
+1 4450
+1 4450
+4 4450
+1 4450
+1 4450
+1 4450
+1 4450
+1 4450
+1 4450
184 4450
+2 4450
+7 4450
+1 4450

fl=(74)
fn=(258)
40 3
-2 1
+2 1
-2 2
+11 1

fl=(89)
fn=(336)
31 7
+2 4
+2 4
+1 1

fl=(131)
fn=(522)
168 30
+5 10
+1 10
+1 10
+1 10
+8 10
+1 10
+3 10
+1 10
+10 10
+1 10
+1 10
+1 10
+1 10
+1 10
+1 10
+1 10
+1 10
+1 10
+1 10
+1 10
+1 10
+1 10
+2 20
+1 20
+1 20
+1 20
+1 20
+1 20
+1 20
+1 10
+1 10

fl=(138)
fn=(574)
165 114
+3 456
+2 228
+9 2328
+9 228

fl=(111)
fn=(418)
30 1
-1 2
+1 1
fi=(112)
291 4
cfn=(422)
calls=1 -2 
* 74263
fe=(111)
32 1
+1 1
-1 1
cfi=(110)
cfn=(417)
calls=1 3031 
* 675

fl=(139)
fn=(580)
33 132
+2 22
cfi=(136)
cfn=(584)
calls=22 +20 
* 350
* 22
+1 22
-1 22
+1 242
fi=(119)
+11 44
fe=(139)
-11 22
+3 22
-3 22
+3 22
-3 22
+3 44
-1 44
+2 22
fi=(120)
941 66
+2 44
+1 44
fe=(139)
40 66
cfi=(107)
cfn=(548)
calls=22 1198 
* 1426
* 44
+1 154
+1 88
fi=(120)
884 44
+1 220
fe=(139)
46 154

fl=(59)
fn=(210)
36 3
-2 1
+2 1
-2 2
fi=(60) ./string/../sysdeps/x86_64/multiarch/strncpy.c
-5 1
fe=(59)

fn=(218)
36 3
-2 1
+2 1
-2 2
fi=(63) ./string/../sysdeps/x86_64/multiarch/strcat.c
-5 1
fe=(59)

fn=(252)
36 3
-2 1
+2 1
-2 2
fi=(73) ./string/../sysdeps/x86_64/multiarch/strcpy.c
-5 1
fe=(59)

fn=(282)
36 3
-2 1
+2 1
-2 2
fi=(79) ./string/../sysdeps/x86_64/multiarch/stpncpy.c
-3 1
fe=(59)

fn=(286)
36 3
-2 1
+2 1
-2 2
fi=(80) ./string/../sysdeps/x86_64/multiarch/stpcpy.c
-1 1
fe=(59)

fl=(123) ./stdlib/../stdlib/strtol.c
fn=(472) __strtol_internal
98 33
cfi=(124)
cfn=(474)
calls=11 226 
* 1255

fl=(140)
fn=(602)
26 28
+1 4

fl=(104)
fn=(396)
278 154
+10 11
-8 11
+8 22
+1 11
fi=(122) ./stdio-common/../include/scratch_buffer.h
78 11
fe=(104)
289 11
fi=(122)
77 22
fe=(104)
339 11
fi=(122)
77 11
fe=(104)
339 44
+6 34
+3 55
+4 22
+20 11
-13 11
+13 11
-13 11
+6 11
+2 44
+5 154
fi=(105)
47 33
fe=(104)
372 33
+9 11
-4 11
+4 33
-49 11
-49 11
+1 11
+9 11
-11 11
503 22
328 11
503 11
327 11
-1 11
-1 11
-12 11
503 11
-85 22
+23 44
+1 22
-61 33
3020 44
345 20
3030 165
fi=(122)
85 33
fe=(104)
3034 22
+17 22
+6 132
206 11
+16 11
+1 22
487 55
+44 121
+80 22
+4 22
+1 11
-1 11
+1 22
+1 33
+3 22
+1 77
+6 33
+3 22
-3 11
+3 44
-3 22
+4 55
+1 99
cfi=(106)
cfn=(468)
calls=11 +3 
* 198
+4 88
-9 22
cfi=(106)
cfn=(400)
calls=11 299 
* 77198
* 33
481 11
+22 44
+21 33
+4 11
+3 22
+75 11
+1 11
+4 11
-4 11
+10 33
1397 121
+5 33
+9 22
+26 55
1732 22
fi=(122)
113 66
fe=(104)
1739 141
260 36
1796 18
260 36
+3 54
1798 72
+2 162
-68 36
+2 58
+2 44
+67 22
206 11
1810 22
214 22
1811 22
+28 66
cfi=(106)
cfn=(468)
calls=11 635 
* 198
260 44
+3 33
1843 22
1668 11
206 11
1861 22
1668 22
1860 33
+1 11
cfi=(123)
cfn=(472)
calls=11 98 
* 1288
* 11
+6 33
+3 44
+6 22
-4 22
+4 22
+23 11
381 22
1389 11
-1 11
+2 11
1741 44
1434 44
1812 8
+1 8
+65 22
+2 22
+1 33
+14 110

fl=(94)
fn=(352)
137 10
+4 1
-4 3
+4 3
+96 2
+1 3
cfi=(95)
cfn=(354)
calls=1 70 
* 72
+22 4
+3 2
+1 5
cob=(5)
cfi=(93)
cfn=(362)
calls=1 0 
* 50
+4 4
+15 2
+12 2
cfi=(97) ./setjmp/../sysdeps/x86_64/bsd-_setjmp.S
cfn=(374) _setjmp
calls=1 30 
* 28
+1 2
+5 2
+1 2
+3 2
+3 6
cob=(5)
cfi=(100)
cfn=(380)
calls=1 859 
* 63650704
* 1
+34 1
cfi=(141)
cfn=(604)
calls=1 138 
* 1440

fl=(97)
fn=(374)
30 1
+2 1
cfi=(98)
cfn=(376)
calls=1 * 
* 26

totals: 63759724
