# callgrind format
version: 1
creator: callgrind-3.16.1
pid: 5842
cmd:  ./main
part: 1


desc: I1 cache: 
desc: D1 cache: 
desc: LL cache: 

desc: Timerange: Basic block 0 - 304706
desc: Trigger: Program termination

positions: line
events: Ir
summary: 1357039


ob=(1) /lib/x86_64-linux-gnu/ld-2.31.so
fl=(18) ./elf/dl-minimal.c
fn=(40) calloc
92 8
+4 8
+4 8
-1 16
+1 16
+3 8
cfn=(44) malloc
calls=8 -54 
* 237
* 8

fn=(82) strsep
265 6
+2 4
+1 4
+4 48
+7 112
-2 56
+13 1
+4 4
-22 14
+15 14
-15 30

fn=(44)
49 88
+1 22
+11 22
-11 44
+11 44
+3 22
-3 22
+3 128
+18 22
+1 22
+2 88
-16 4
+1 2
+2 1
+1 7
cfi=(42) ./misc/../sysdeps/unix/sysv/linux/mmap64.c
cfn=(136) mmap
calls=1 -22 
* 19
* 1
+2 2
+2 2
+2 1
+4 1
-4 2
-23 1
-1 1
+1 1
+1 2
-2 2

fn=(94) free
111 12

fl=(36) ./setjmp/../sysdeps/x86_64/setjmp.S
fn=(116) __sigsetjmp
32 3
+9 3
+1 6
+1 3
+4 3
+1 3
+1 3
+1 3
+1 3
+2 6
+2 3
+1 3
+3 6
+2 3
+19 3
+1 3

fl=(30) ./string/../sysdeps/x86_64/multiarch/../strchr.S
fn=(88) index
24 6
+1 6
+1 6
+1 6
+1 6
+1 6
+1 6
+1 6
+1 6
+1 6
+1 6
+1 6
+1 6
+1 6
+1 6
+1 6
+1 6
+1 4
+4 4
+1 4
+1 4
+1 4
+2 4
+4 2
+1 2
+1 2
+1 2
+1 2
+1 2
+1 2
+1 2
+1 2
+1 2
+1 2
+1 2
+1 2
+1 2
+1 2
+1 2
+1 2
+1 2
+1 2
+1 2
+1 2
+1 2
+1 2
+1 3
+5 1
+1 1
+3 1
+1 1
+1 1
+1 1
+1 1
+1 1
+1 1
+1 1
+1 1
+1 1
+1 1
+1 1
+1 1
+1 1
+1 1
+1 1
+1 1
+1 1
+2 1
+1 1
+2 1
+1 1
+1 1
+1 1
+1 1
+1 1
+1 1
+1 1
+2 1
+1 1
+1 1
+1 1
+1 1
+1 1
+1 1
+1 1
+1 1
+1 1
+3 1
+4 1
+1 1
+1 1
+1 1
+2 1
-9 1
+4 1
+1 1
+1 1
+1 1
+2 1

fl=(57) ./elf/dl-reloc.c
fn=(192) _dl_relocate_object
167 40
+15 4
-15 8
+15 4
+1 20
+6 8
+6 20
-18 8
+22 8
+7 16
+40 4
fi=(5) ./elf/../sysdeps/x86_64/dl-machine.h
76 4
fe=(57)
246 8
fi=(5)
76 12
+6 6
+4 9
+14 3
-8 3
+8 6
+20 6
+11 12
fe=(57)
274 126
-96 18
fi=(4) ./elf/do-rel.h
48 3
-1 3
-1 3
+1 3
+1 3
+10 6
fe=(57)
274 1
-96 6
fi=(4)
48 1
-1 1
-1 1
+1 1
+1 1
+10 2
-10 4
-1 4
-1 4
+1 4
+1 4
+10 8
-7 3
-1 3
+11 15
fi=(5)
558 32
+4 32
+3 48
+1 16
fi=(4)
61 48
+2 224
+2 120
-4 120
+13 6
+1 5
+1 80
fi=(5)
558 40
+26 40
-1 80
-25 40
+26 80
+1 40
cob=(3) /lib/x86_64-linux-gnu/libc-2.31.so
cfi=(61) ./string/../sysdeps/x86_64/multiarch/ifunc-strcasecmp.h
cfn=(296) strncasecmp_l
calls=1 32 
* 5
cob=(3)
cfi=(64) ./string/../sysdeps/x86_64/multiarch/ifunc-avx2.h
cfn=(294) strchrnul
calls=1 32 
* 9
cob=(3)
cfi=(81) ./wcsmbs/../sysdeps/x86_64/multiarch/ifunc-memcmp.h
cfn=(290) wmemcmp
calls=1 34 
* 12
cob=(3)
cfi=(59) ./string/../sysdeps/x86_64/multiarch/ifunc-strcpy.h
cfn=(286) stpcpy
calls=1 36 
* 8
cob=(3)
cfi=(59)
cfn=(282) stpncpy
calls=1 36 
* 8
cob=(3)
cfi=(71) ./string/../sysdeps/x86_64/multiarch/ifunc-sse4_2.h
cfn=(280) strspn
calls=1 30 
* 6
cob=(3)
cfi=(65) ./wcsmbs/../sysdeps/x86_64/multiarch/ifunc-avx2.h
cfn=(278) wcslen
calls=1 32 
* 9
cob=(3)
cfi=(64)
cfn=(276) memchr
calls=1 32 
* 9
cob=(3)
cfi=(61)
cfn=(272) strcasecmp_l
calls=1 32 
* 5
cob=(3)
cfi=(64)
cfn=(270) memrchr
calls=1 32 
* 9
cob=(3)
cfi=(64)
cfn=(268) strlen
calls=1 32 
* 9
cob=(3)
cfi=(77) ./string/../sysdeps/x86_64/multiarch/strchr.c
cfn=(266) index
calls=1 40 
* 8
cob=(3)
cfi=(71)
cfn=(264) strpbrk
calls=1 30 
* 6
cob=(3)
cfi=(76) ./wcsmbs/../sysdeps/x86_64/multiarch/wcscpy.c
cfn=(262) wcscpy
calls=1 37 
* 6
cob=(3)
cfi=(75) ./wcsmbs/../sysdeps/x86_64/multiarch/ifunc-wmemset.h
cfn=(260) wmemset
calls=2 32 
* 32
cob=(3)
cfi=(74) ./wcsmbs/../sysdeps/x86_64/multiarch/wcsnlen.c
cfn=(258) wcsnlen
calls=1 40 
* 8
cob=(3)
cfi=(58) ./string/../sysdeps/x86_64/multiarch/ifunc-memmove.h
cfn=(256) memcpy@@GLIBC_2.14
calls=1 45 
* 16
cob=(3)
cfi=(59)
cfn=(252) strcpy
calls=1 36 
* 8
cob=(3)
cfi=(61)
cfn=(248) strncasecmp
calls=1 32 
* 5
cob=(3)
cfi=(71)
cfn=(246) strcspn
calls=1 30 
* 6
cob=(3)
cfi=(64)
cfn=(244) strnlen
calls=2 32 
* 18
cob=(3)
cfi=(65)
cfn=(242) wcschr
calls=2 32 
* 18
cob=(3)
cfi=(70) ./string/../sysdeps/x86_64/multiarch/ifunc-memset.h
cfn=(240) memset
calls=1 42 
* 18
cob=(3)
cfi=(69) ./string/../sysdeps/x86_64/multiarch/strcmp.c
cfn=(238) strcmp
calls=1 41 
* 8
cob=(3)
cfi=(68) ./string/../sysdeps/x86_64/multiarch/strncmp.c
cfn=(236) strncmp
calls=1 41 
* 8
cob=(3)
cfi=(66) ./string/../sysdeps/x86_64/multiarch/ifunc-memcmp.h
cfn=(232) bcmp
calls=1 34 
* 12
cob=(3)
cfi=(58)
cfn=(230) mempcpy
calls=1 45 
* 16
cob=(3)
cfi=(65)
cfn=(228) wcscmp
calls=1 32 
* 9
cob=(3)
cfi=(65)
cfn=(226) wmemchr
calls=2 32 
* 18
cob=(3)
cfi=(64)
cfn=(224) rawmemchr
calls=1 32 
* 9
cob=(3)
cfi=(64)
cfn=(222) rindex
calls=1 32 
* 9
cob=(3)
cfi=(59)
cfn=(218) strcat
calls=1 36 
* 8
cob=(3)
cfi=(61)
cfn=(214) strcasecmp
calls=1 32 
* 5
cob=(3)
cfi=(59)
cfn=(210) strncpy
calls=1 36 
* 8
cob=(3)
cfi=(58)
cfn=(208) memmove
calls=2 45 
* 32
fi=(4)
75 40
fi=(5)
586 40
fi=(4)
75 82
fe=(57)
274 32
+3 12
+24 4
+3 8
+17 8
196 8
fi=(4)
84 5
-1 5
+3 5
+12 5
-15 5
+3 5
+12 10
+10 6
+10 6
+3 8
+3 8
-74 3
fi=(5)
497 3
fi=(4)
51 3
fi=(5)
497 6
fi=(4)
127 420
+9 210
+1 105
-1 210
+1 105
+2 105
-2 105
+2 210
-1 210
fi=(5)
276 210
+21 210
+4 210
+7 420
fi=(20) ./elf/../sysdeps/generic/ldsodefs.h
126 264
fi=(5)
308 1716
fi=(4)
138 84
fi=(5)
308 84
fi=(4)
138 84
fi=(5)
308 84
fi=(4)
138 84
fi=(5)
308 168
fi=(4)
138 1
fi=(5)
308 1
fi=(4)
138 1
fi=(5)
308 1
fi=(4)
138 1
fi=(5)
308 1022
cfi=(6) ./elf/dl-lookup.c
cfn=(200) _dl_lookup_symbol_x
calls=85 841 
* 46210
* 510
+1 264
+30 630
463 261
+1 87
fi=(4)
124 315
+19 12
fi=(5)
435 51
+4 68
+5 17
+9 17
-9 34
+9 34
+50 3
+4 6
cfi=(19) ./string/../sysdeps/x86_64/multiarch/memmove-vec-unaligned-erms.S
cfn=(46) memcpy
calls=1 135 
* 10
+2 3
+1 1
fi=(4)
111 9
+1 3
fi=(5)
542 3
fi=(4)
112 3
fi=(5)
542 6
fi=(4)
112 1216
fi=(5)
542 1216
fi=(4)
112 1216
fi=(5)
542 2432
+5 2438
+1 1219
fi=(4)
111 1219
fi=(5)
548 2438
fi=(4)
111 2438
+7 9
-67 1
160 4
+2 20
+9 15
-1 30
fi=(5)
276 10
+21 10
+4 10
+7 20
fi=(20)
126 15
fi=(5)
308 165
cfi=(6)
cfn=(200)
calls=5 841 
* 2542
* 35
+1 15
+30 64
-30 150
+3 99
-3 99
+3 198
-4 23
+1 82
+3 82
-3 164
fe=(57)
-35 24
fi=(5)
+34 99
fe=(57)
+14 8
cfn=(300) _dl_protect_relro
calls=4 +7 
* 96
+1 32
fi=(5)
124 12
-2 6
fe=(57)
274 2
fi=(5)
463 15
+1 5
fi=(4)
160 15
+14 3
fi=(5)
309 1
+3 1
-3 1
+3 2
-3 1
+3 1
-3 2
fe=(57)

fn=(300)
329 4
-1 8
+1 16
+3 4
-3 4
+3 4
+4 8
+7 8
-6 12
cfi=(52) ./misc/../sysdeps/unix/syscall-template.S
cfn=(166) mprotect
calls=4 117 
* 20
* 8

fl=(6)
fn=(200)
841 900
582 100
841 400
582 300
-1 200
+2 100
-1 100
+1 300
-1 300
+1 1289
-1 1289
+1 3867
-1 3867
+2 100
847 100
-4 100
+8 100
-8 100
+1 200
+7 278
+5 100
+5 100
-7 100
+2 100
-2 100
+6 200
-7 600
+7 20
+29 10
-29 30
+1 1300
cfn=(202) do_lookup_x
calls=100 368 
* 34418
* 300
+28 90
-23 200
+24 540
+40 90
-40 90
+40 360
+14 270
+3 270
+5 180
+2 900
-86 60
+17 10
+1 20
+59 2

fn=(204) check_match
75 368
+3 92
-3 736
+3 184
+13 360
-13 360
+13 180
+3 288
cfi=(21) ./string/../sysdeps/x86_64/strcmp.S
cfn=(56) strcmp
calls=27 +50 
* 1407
* 54
+4 90
+1 180
+2 178
+19 178
+1 712
+39 90
+7 540
-18 2
+2 2
+1 1
-1 2
+1 3
-1 2
+16 12
-45 267
cfi=(21)
cfn=(56)
calls=89 +22 
* 3564
* 178
-44 8
+82 4

fn=(202)
368 700
+1 100
-1 800
+48 100
-41 100
+76 100
-35 200
-16 942
+8 314
-4 314
+1 314
+3 628
+1 942
+3 314
+1 628
+7 314
-3 628
-2 314
+5 1256
+3 2198
571 675
379 630
+3 630
+4 1266
+4 628
+4 628
+88 180
fi=(20)
126 270
fe=(6)
533 180
+3 672
+16 180
+1 90
+1 180
427 372
-1 186
+2 186
+2 93
+6 372
-6 93
+6 744
+7 282
-10 920
+3 92
-1 92
+1 184
-1 92
+1 92
-1 92
+2 92
-1 92
+1 92
-1 920
cfn=(204)
calls=92 75 
* 10042
+4 276
+3 4
574 10
+1 800
-35 36
-66 6
176 21
+5 720

fn=(10) _dl_setup_hash
964 12
+2 4
+2 8
+2 4
-1 4
+3 12
+1 4
+4 4
-3 4
+7 4
-7 4
+3 4
-1 4
+3 4
+2 4
-7 4
+7 4
+5 4

fl=(37) ./elf/dl-misc.c
fn=(122) _dl_name_match_p
282 70
+1 28
cfi=(21)
cfn=(56)
calls=14 144 
* 486
* 14
+1 14
-1 28
+3 14
+2 28
+4 15
-4 30
+1 54
cfi=(21)
cfn=(56)
calls=18 144 
* 706
* 36
-5 3
+11 23
-1 11
+1 33

fn=(158) _dl_sysdep_read_whole_file
44 1
+3 1
-3 6
+3 1
-3 1
+3 1
cfi=(38) ./io/../sysdeps/unix/sysv/linux/open64_nocancel.c
cfn=(126) __open_nocancel
calls=1 -10 
* 18
+1 2
+23 7
-21 5
cfi=(41) ./io/../sysdeps/unix/sysv/linux/wordsize-64/fxstat.c
cfn=(134) _fxstat
calls=1 -17 
* 10
* 2
+2 2
+3 2
+13 2
cfi=(45) ./io/../sysdeps/unix/sysv/linux/close_nocancel.c
cfn=(144) __GI___close_nocancel
calls=1 -42 
* 5
* 1
-11 6
cfi=(42)
cfn=(136)
calls=1 -6 
* 19
* 2

fl=(56) ./elf/dl-version.c
fn=(182) _dl_check_map_versions
156 28
+15 4
-15 8
+15 8
+2 12
+2 4
+1 4
-1 4
+1 4
+2 8
+3 4
-16 2
-8 2
+28 2
-4 2
+4 6
+16 2
37 2
201 2
37 2
201 2
37 10
+1 5
-1 10
+2 21
cfi=(37)
cfn=(122)
calls=7 282 
* 762
* 14
209 6
+5 2
-71 4
+71 4
-71 6
+79 2
-2 2
-2 4
+4 2
-4 12
+4 2
-2 2
-2 4
+4 2
-4 22
57 4
+8 6
-8 4
+8 6
+6 12
+16 4
+1 8
+2 4
+5 40
+14 42
+12 51
+4 17
-30 34
225 16
+3 12
+5 2
-11 2
111 4
+3 16
cfi=(21)
cfn=(56)
calls=4 +30 
* 160
* 22
237 8
+14 4
+3 6
+3 12
+3 8
+4 2
-7 8
+3 6
+4 33
-7 132
+3 101
+8 6
+89 36
165 2
+86 2
-94 2
+94 3
+23 12
cfi=(18)
cfn=(40)
calls=3 92 
* 99
* 3
-1 3
+1 3
+1 6
+13 3
-3 3
+3 6
+2 9
+3 6
+4 6
+18 2
-15 2
+2 2
-2 2
+2 2
-2 2
+2 4
-2 2
+2 2
-2 2
+2 2
-2 2
+2 4
+2 4
+1 4
-1 12
+1 4
+1 4
-2 4
+2 8
+1 12
+3 12
+8 6
+10 9
+3 8
+20 35
-14 74
-2 35
+6 35
+1 35
+1 35
-1 105
+1 35
-1 35
+1 35
+1 35
+3 113

fn=(180) _dl_check_all_versions
362 5
+4 5
-2 2
+4 24
cfn=(182)
calls=4 156 
* 2730
-2 4
+2 12
-1 4
-1 8
+5 7

fl=(8) ./elf/dl-tunables.c
fn=(26) __tunable_get_val
367 120
+9 20
-9 78
+9 3
+17 100
+2 20
-9 17
+1 17

fn=(14) __GI___tunables_init
283 8
-9 4
67 65
+6 20
-3 20
+3 1191
-6 40
358 8
77 40
+5 20
-9 20
-6 20
fi=(9) ./elf/dl-tunables.h
+52 20
fe=(8)
-37 60
fi=(9)
+38 60
-1 30
+5 10
-5 20
+1 60
fe=(8)
324 60
-12 2800
fi=(9)
119 360
fe=(8)
-52 180
fi=(9)
+52 540
+1 18
-1 234
+1 558
fe=(8)
306 2240
70 40

fl=(49) ./elf/dl-cache.c
fn=(164) _dl_cache_libcmp
142 33
+4 55
-2 55
+2 55
-2 110
+20 108
+2 108
-24 44
+28 44
+1 44
-29 88
+4 2
+8 1
-2 2
+1 2
+1 2
-2 1
+2 1
+2 3
-3 1
+3 1
+2 2
cfn=(165) _dl_cache_libcmp'2
calls=1 -16 
* 6
+9 20

fn=(165)
142 3
+32 3

fn=(156) _dl_load_cache_lookup
187 9
+8 2
+3 3
+72 1
+9 1
-9 2
+11 1
-2 1
fi=(51) ./elf/../sysdeps/x86/dl-procinfo.h
39 2
+3 3
cfi=(21)
cfn=(56)
calls=1 144 
* 65
* 4
fe=(49)
285 4
cfi=(8)
cfn=(26)
calls=1 +82 
* 19
* 2
+8 2
+15 135
cfn=(164)
calls=10 142 
* 718
* 50
+31 2
-31 10
cfn=(164)
calls=1 142 
* 70
* 6
-15 2
+1 3
+14 1
-15 2
+15 32
+16 2
+4 2
+8 3
cfi=(13) ./string/../sysdeps/x86_64/multiarch/../strlen.S
cfn=(28) strlen
calls=1 79 
* 34
+1 1
-1 6
+1 1
cfi=(19)
cfn=(46)
calls=1 135 
* 10
* 1
+1 1
cfi=(31) ./string/strdup.c
cfn=(90) strdup
calls=1 40 
* 86
+1 8
201 4
cfi=(37)
cfn=(158)
calls=1 44 
* 94
* 1
+8 5
+1 8
fi=(50) ./elf/../sysdeps/generic/dl-cache.h
-58 1
+1 5
fe=(49)
+65 1
+1 2

fn=(308) _dl_unload_cache
349 4
-1 1
+3 2
cfi=(52)
cfn=(310) munmap
calls=1 117 
* 5
+1 1
+2 2

fl=(55) ./elf/dl-sort-maps.c
fn=(174) _dl_sort_maps
28 24
+2 4
+4 4
+1 2
-2 2
+1 16
+1 4
cfi=(29) ./string/../sysdeps/x86_64/multiarch/memset-vec-unaligned-erms.S
cfn=(78) memset
calls=2 +74 
* 30
* 18
+4 4
+3 2
-3 4
+1 6
+2 2
-3 8
+3 4
-3 8
+1 12
+2 4
+12 24
+2 12
+1 8
-1 6
+1 4
+33 12
-36 24
+61 18
-31 8
-25 18
+1 12
+58 28
cfi=(29)
cfn=(78)
calls=4 -9 
* 64
* 16
-28 9
-44 12
+69 2
+7 16

fl=(35) ./elf/dl-error-skeleton.c
fn=(176) _dl_receive_error
238 5
+1 1
+1 1
+3 1
+1 1
+2 1
cfi=(2) ./elf/rtld.c
cfn=(178) version_check_doit
calls=1 675 
* 2811
+2 1
+1 1
+1 4

fn=(114) _dl_catch_exception
175 6
+5 3
-5 9
+5 3
-2 6
+21 3
+7 6
-7 3
+1 6
+3 6
+3 3
cfi=(36)
cfn=(116)
calls=3 32 
* 57
* 9
+2 9
cfi=(47) ./elf/dl-deps.c
cfn=(150) openaux
calls=2 61 
* 6028
cfi=(2)
cfn=(118) map_doit
calls=1 642 
* 2462
+2 3
-1 3
+1 3
-1 3
+1 6
+9 12

fn=(110) _dl_catch_error
225 9
+2 2
cfn=(114)
calls=1 -52 
* 2515
* 1
+1 2
+1 1
+1 1
-1 1
+1 1
+2 5

fl=(10) ./elf/../sysdeps/unix/sysv/linux/dl-sysdep.c
fn=(66) _dl_discover_osversion
46 4
+2 3
+40 2
cfi=(25) ./posix/../sysdeps/unix/syscall-template.S
cfn=(68) uname
calls=1 +32 
* 5
+15 1
-15 2
+20 1
-1 1
+3 12
+4 3
-2 6
+2 11
+3 2
-1 2
+1 6
-3 8
+7 3
-1 3
+4 3
-2 3
+2 12
+8 1
+1 5

fl=(31)
fn=(90)
40 12
+1 3
cfi=(13)
cfn=(28)
calls=3 +38 
* 110
* 3
+1 6
cfi=(18)
cfn=(44)
calls=3 +7 
* 72
* 3
+2 6
+4 3
-1 9
+1 6
-1 3
cfi=(19)
cfn=(46)
calls=3 +88 
* 46

fl=(42)
fn=(136)
51 22
-3 44
+6 22
+5 66
+2 33
-7 8

fl=(13)
fn=(28)
79 13
+1 13
+1 13
+1 13
+1 13
+1 13
+1 13
+2 13
+2 13
+31 13
+1 13
+1 13
+1 13
+1 13
+1 7
+2 7
+4 6
+1 6
+1 6
+1 6
+1 6
+1 6
+1 6
+1 6
+1 6
+1 6
+1 6
+1 6
+5 42
+74 3
+1 3
+1 3
+1 3
+1 3
+1 3
+1 3
+1 3
+16 3
+2 3
+1 42
+2 3
+1 3
+1 3
+2 3

fl=(16) ./elf/dl-object.c
fn=(50) _dl_add_to_namespace_list
31 3
+2 3
-2 6
+2 3
-2 6
+2 3
cfi=(2)
cfn=(52) rtld_lock_default_lock_recursive
calls=3 841 
* 6
+2 20
+3 20
+2 2
+2 2
+4 2
+4 2
+1 2
-5 4
+1 4
+1 2
+3 2
-3 2
+3 2
-1 2
cfi=(2)
cfn=(54) rtld_lock_default_unlock_recursive
calls=2 847 
* 4
-4 1
+4 1
+1 1
-5 2
+1 2
+1 1
+3 1
-3 1
+3 1
-1 1
cfi=(2)
cfn=(54)
calls=1 847 
* 2
-5 2

fn=(36) _dl_new_object
59 30
+3 3
-3 6
+3 6
+15 2
+3 6
cfi=(13)
cfn=(28)
calls=2 -1 
* 76
+4 2
-4 4
+4 2
+5 10
cfi=(18)
cfn=(40)
calls=2 +3 
* 104
* 2
* 4
cfi=(18)
cfn=(40)
calls=1 +3 
* 40
* 1
* 3
+3 6
+4 3
+5 3
-6 3
+6 3
-5 3
+5 3
-5 3
+5 3
-1 3
+1 3
-1 3
+1 3
cfi=(19)
cfn=(46)
calls=3 +34 
* 49
* 3
+15 6
-15 3
+15 3
-13 3
+13 10
+6 1
+2 7
+3 2
-3 14
+3 4
+2 3
+4 3
+3 14
fi=(20)
1222 3
fe=(16)
136 2
+2 1
-2 2
fi=(20)
1222 45
fe=(16)
136 30
+2 15
-2 30
+50 2
-34 2
-5 1
+5 1
-6 1
+6 1
-6 1
+6 6
-5 2
+5 2
-6 2
+6 2
-6 2
+6 4
+2 4
+3 4
-3 4
+7 8
+4 4
+8 2
+3 1
+10 2
-10 1
+10 1
-10 2
+10 4
-10 2
+10 2
+2 2
+21 2
-21 2
cfi=(13)
cfn=(28)
calls=2 79 
* 94
+4 2
-4 6
+17 2
-13 6
+50 6
cfi=(19)
cfn=(76) mempcpy
calls=2 122 
* 40
* 2
+5 4
+1 4
-1 80
+1 80
+2 4
+3 2
+3 2
+4 27
128 6
+37 6
-15 1
+7 4
+8 4
+31 4
cfi=(18)
cfn=(44)
calls=2 49 
* 48
* 2
* 2
+1 8
64 2
+1 6
+9 1
-5 2

fl=(14) ./elf/../misc/sbrk.c
fn=(30) sbrk
32 4
+8 6
+4 2
+16 5

fl=(12) ./elf/../sysdeps/x86/cpu-features.c
fn=(24) get_common_indices.constprop.0
71 2
+4 4
+3 3
+4 2
-4 1
+4 1
-4 1
+3 1
+1 1
+1 4
+1 4
+1 3
+1 2
+7 2
+1 3
+6 1
-6 4
+6 1
+1 7
+7 3
+4 2
+2 4
225 2
+4 3
+1 2
+3 1
-1 1
+4 1
+2 1
-2 1
+5 2
+50 3
118 2
+3 4
+3 2
+8 1
-5 2
+8 2
+2 1
+2 3
+4 2
+4 2
+7 3

fl=(15) ./elf/dl-environ.c
fn=(34) _dl_next_ld_env_entry
29 3
+3 28
+13 18
-13 36
+2 40
+1 14
+5 2
-3 2
+3 2
+2 2
+7 1

fl=(19)
fn=(46)
135 15
+6 15
+1 15
+1 8
+1 8
+5 5
+1 5
+1 5
+1 5
+5 5
301 7
+1 7
+1 1
+1 1
+1 1
+1 1
+1 1
+1 1
+1 1
+2 1
+22 6
+1 6
+1 6
+1 6
+1 6
+24 3
+1 3
+1 3
+1 3
+2 3
+1 3
+1 3
+1 3
+1 3
+1 3
+1 3
+1 3
+1 3
+1 3
+1 3
+1 3
+1 3
+1 3
+1 3
+1 3
+2 3

fn=(76)
122 26
+1 26
+1 26
+17 26
+1 26
+1 4
+1 4
+5 3
+1 3
+1 3
+1 3
+5 3
301 22
+1 22
+1 8
+1 8
+1 3
+1 3
+1 1
+4 1
+22 14
+1 14
+1 14
+1 14
+1 14
+3 5
+1 5
+1 5
+1 5
+1 5
+3 2
+1 2
+1 2
+1 2
+1 2
+10 1
+1 1
+1 1
+1 1
+2 1
+1 1
+1 1
+1 1
+1 1
+1 1
+1 1
+1 1
+1 1
+1 1
+1 1
+1 1
+1 1
+1 1
+1 1
+1 1
+2 1

fl=(26) ./elf/dl-load.c
fn=(120) _dl_map_object
1927 27
+8 6
+1 12
+3 42
+5 49
+2 21
cfi=(37)
cfn=(122)
calls=7 282 
* 831
* 14
+4 12
+1 18
+3 2
+1 2
+1 2
-1 2
+1 2
cfi=(21)
cfn=(56)
calls=2 144 
* 73
* 4
2238 27
1974 2
-2 2
+2 4
-2 4
-43 2
+53 6
+36 4
-2 2
+2 2
cfi=(30)
cfn=(88)
calls=2 24 
* 46
* 4
2169 2
-1 3
cfn=(84) expand_dynamic_string_token
calls=1 378 
* 251
+2 1
-3 1
+1 1
+2 2
+4 6
cfn=(124) open_verify.constprop.0
calls=1 1466 
* 232
* 1
+3 2
+12 4
+46 1
+1 3
-1 1
+1 9
cfn=(130) _dl_map_object_from_fd
calls=1 866 
* 1601
-1 1
+1 3
-1 1
+1 9
cfn=(130)
calls=1 866 
* 1910
* 6
2022 2
cfi=(13)
cfn=(28)
calls=1 79 
* 16
* 2
+2 2
+7 4
+36 12
cfn=(152) open_path
calls=1 1779 
* 1373
+6 1
-6 1
+6 4
+88 2
+28 4
+2 4
2035 5
+8 4
-3 3
659 1
2041 1
659 3
2074 1
659 2
2055 4
+1 8
659 1
2057 1
659 2
2066 2
+1 2
+15 1
+14 2
+2 3
+4 2
cfi=(49)
cfn=(156)
calls=1 187 
* 1428
* 1
+2 2
+4 2
+8 3
+23 7
cfn=(124)
calls=1 1466 
* 243
+4 2
-4 1
+4 1
+1 2

fn=(80) fillin_rpath.isra.0
445 7
+4 1
-4 9
+6 3
cfi=(18)
cfn=(82)
calls=1 265 
* 284
* 3
cfi=(18)
cfn=(82)
calls=1 265 
* 9
* 6
+7 2
+2 3
cfn=(84)
calls=1 -82 
* 126
* 1
+4 2
+5 2
cfi=(13)
cfn=(28)
calls=1 79 
* 16
* 1
+1 2
+7 5
+9 17
+1 8
+55 2
+2 2
cob=(2) ???
cfi=(17) ???
cfn=(92) 0x0000000004001080
calls=1 0 
* 5
* 1
-39 2
+4 9
cfi=(18)
cfn=(44)
calls=1 49 
* 24
* 1
+2 3
-2 1
+2 1
+5 1
+1 3
-2 1
+2 1
cfi=(19)
cfn=(76)
calls=1 122 
* 12
+3 2
-3 1
+1 1
+2 1
+6 3
+1 1
-1 1
+1 3
+1 1
-1 3
+1 7
-1 21
+3 1
+1 1
-1 1
+1 1
+7 1
+1 2
-57 4
+23 2
+43 1
+3 8
-15 2

fn=(130)
866 22
+10 2
-10 2
+10 2
-10 4
+10 2
cfi=(32) ./elf/dl-debug.c
cfn=(96) _dl_debug_initialize
calls=2 49 
* 16
* 2
+7 8
+61 8
+10 4
+7 8
+33 4
877 2
997 14
cfi=(16)
cfn=(36)
calls=2 59 
* 838
* 2
+1 4
+11 2
+5 2
-5 2
+1 4
+1 2
+2 2
-2 2
+2 4
+1 6
+1 4
+19 2
-2 2
+2 6
+8 2
-8 2
+8 4
-8 6
+8 2
-8 2
+8 4
+90 2
-6 2
-90 2
+30 2
+23 2
+43 2
-6 2
-91 2
+31 2
+66 2
-52 2
-50 4
+13 52
+17 2
+1 1
-19 57
+1 103
1144 2
1042 2
1144 2
+1 4
1042 6
1157 6
1010 4
1170 4
+10 4
fi=(43) ./elf/./dl-map-segments.h
56 4
fe=(26)
1180 6
fi=(43)
56 2
fe=(26)
1180 6
fi=(43)
56 4
-6 2
+6 4
-6 2
+6 2
cfi=(42)
cfn=(136)
calls=2 -5 
* 38
+4 4
-4 2
+4 2
+3 4
+1 2
+2 2
-3 2
+1 2
+2 2
+14 2
+2 2
fi=(44) ./elf/./dl-load.h
+8 16
+1 6
+2 16
fi=(43)
+11 32
+8 2
-2 2
+1 2
+2 2
-1 2
+1 2
-1 2
+3 4
+5 4
+3 4
+8 16
cfi=(29)
cfn=(78)
calls=2 -22 
* 312
+1 6
+5 4
+12 8
-59 40
+2 12
+2 6
-2 12
+2 48
cfi=(42)
cfn=(136)
calls=6 -43 
* 102
* 18
fe=(26)
1043 22
+23 24
+5 56
+10 16
-1 8
+4 16
-4 8
-1 8
+2 16
+2 8
-2 8
-1 8
+1 8
+1 8
-1 8
+2 8
+1 8
+4 16
+1 30
+5 6
-1 6
+1 6
-1 6
+1 24
-15 6
+15 12
+10 6
-10 2
-1 2
+1 2
-1 2
+1 8
-15 2
+15 4
+10 2
-55 4
+5 4
+1 8
+52 3
+4 1
+1 2
-58 1
+62 5
+1 1
+3 1
-3 1
+8 4
+15 4
+1 2
fi=(40) ./elf/../sysdeps/posix/dl-fileid.h
37 8
cfi=(41)
cfn=(134)
calls=2 -4 
* 20
* 4
fe=(26)
901 4
fi=(40)
40 2
+1 2
fe=(26)
901 2
fi=(40)
40 2
fe=(26)
901 2
fi=(40)
41 2
fe=(26)
901 21
+1 10
fi=(40)
49 12
fe=(26)
1417 18
920 4
fi=(43)
73 10
cfi=(52)
cfn=(166)
calls=1 +44 
* 5
* 3
fe=(26)
1192 8
+9 6
fi=(3) ./elf/get-dynamic-info.h
42 2
+6 2
-2 2
+2 4
+15 2
+5 2
+3 2
-2 2
-2 2
-3 4
-1 40
+1 24
-16 8
+26 8
-26 53
+26 37
-26 74
+2 90
+17 70
fi=(44)
+27 4
+2 1
-1 2
+1 1
-1 1
+1 1
-1 1
+1 1
-1 2
+3 4
fi=(3)
-33 10
+3 8
+3 8
+1 4
+1 4
+8 4
+20 7
+1 8
+1 8
+1 8
+2 8
+5 8
+1 7
+1 8
+5 6
+5 4
+7 4
+1 6
+18 6
+5 2
+2 2
+2 2
+2 2
+3 6
+2 3
+1 2
+9 2
+5 2
+3 4
fe=(26)
1208 4
+2 4
+19 6
+19 4
+2 10
+48 6
+1 2
+3 2
cfi=(45)
cfn=(144)
calls=1 26 
* 5
* 2
cfi=(45)
cfn=(144)
calls=1 26 
* 5
* 4
+9 4
+2 8
+2 4
+16 4
cfi=(6)
cfn=(10)
calls=2 964 
* 46
+4 4
+1 4
+17 4
+4 2
+5 2
-5 2
+5 2
+10 4
+9 4
+1 4
+5 1
cfi=(33) ./elf/../elf/dl-tls.c
cfn=(168) _dl_next_tls_modid
calls=1 107 
* 6
* 1
+7 3
cfi=(16)
cfn=(50)
calls=1 31 
* 45
* 3
cfi=(16)
cfn=(50)
calls=1 31 
* 41
+4 6
-44 2
fi=(43)
141 8
cfi=(42)
cfn=(136)
calls=1 -90 
* 17
+3 2
fe=(26)
1207 2

fn=(70) _dl_init_paths
681 1
+13 2
-13 8
+13 3
cfi=(27) ./elf/dl-hwcaps.c
cfn=(72) _dl_important_hwcaps
calls=1 42 
* 733
+5 1
-5 1
+5 1
cfi=(18)
cfn=(44)
calls=1 49 
* 24
* 1
-1 1
+2 2
+7 2
+1 4
-1 3
+4 4
cfi=(18)
cfn=(44)
calls=1 49 
* 24
* 1
* 2
+2 2
+7 1
+10 1
-2 2
+2 1
+3 2
+9 1
-7 1
+7 2
-3 1
-20 1
+12 1
+3 1
+8 1
-3 1
+1 16
cfi=(29)
cfn=(78)
calls=4 109 
* 48
+2 18
-14 3
+10 3
-10 3
+14 3
-12 6
+4 3
+4 3
-7 3
+3 3
+1 3
-2 3
+5 3
+1 3
-4 3
+4 3
+14 1
-11 1
+6 1
+1 1
+5 2
+2 4
+2 3
+38 5
-19 1
-2 1
+2 2
+21 3
cfi=(13)
cfn=(28)
calls=1 79 
* 16
* 8
cfi=(19)
cfn=(46)
calls=1 135 
* 10
* 1
+5 4
-1 2
+2 1
+1 1
-1 15
+1 13
-1 26
-1 56
+5 2
cfi=(18)
cfn=(44)
calls=1 49 
* 24
* 1
-1 1
+1 1
+1 2
+6 6
cfn=(80)
calls=1 445 
* 645
+3 3
+6 1
+4 8
-37 2

fn=(152)
1779 8
+1 1
-1 6
+1 1
+6 2
+5 2
-7 1
+7 1
-8 1
+8 6
+3 3
+9 6
+7 3
-12 1
+13 1
-1 1
cfi=(19)
cfn=(76)
calls=1 122 
* 12
* 1
+47 3
+8 2
-54 58
+3 24
+4 64
cfi=(19)
cfn=(76)
calls=8 122 
* 101
* 32
cfi=(19)
cfn=(76)
calls=8 122 
* 96
+3 16
+3 24
+3 56
cfn=(124)
calls=8 1466 
* 424
* 8
+2 24
+2 16
+65 7
+7 2
-2 1
+2 3
+3 3
-13 1
+27 9
-84 40
+1 64
+6 16
+2 16
-2 24
+2 16
cfi=(48) ./io/../sysdeps/unix/sysv/linux/wordsize-64/xstat.c
cfn=(154) _xstat
calls=8 33 
* 101
* 8
+3 8
-3 16
+1 1
+2 1
-2 1
+2 30

fn=(86) _dl_dst_count
231 4
+3 4
-3 8
+7 4
-7 8
+3 4
cfi=(30)
cfn=(88)
calls=4 24 
* 181
+3 8
+20 28

fn=(124)
1466 110
+39 10
-39 10
+39 20
+31 40
cfi=(38)
cfn=(126)
calls=10 37 
* 204
* 10
+2 20
+11 2
+6 4
-5 2
+5 16
cfi=(39) ./io/../sysdeps/unix/sysv/linux/read_nocancel.c
cfn=(128) __read_nocancel
calls=2 26 
* 10
+2 4
+2 4
+2 4
+6 4
+16 18
-65 8
1765 90
1583 14
+74 4
+5 4
+2 8
+6 4
+6 2
+1 2
-1 6
+1 6
+1 4
+20 8
1543 4
1698 96
+1 40
+1 8
+4 8
+17 2
+8 18
+15 2
+6 3
-3 1
+1 1
+3 1
-3 2
+1 1
-1 1
-1 1
+4 2
1583 3
1761 4
cob=(2)
cfi=(17)
cfn=(92)
calls=2 0 
* 10
* 2
-29 18
-1 2
+4 6
+5 1
+1 2
-36 8

fn=(84)
378 6
+10 2
-10 8
+10 2
cfn=(86)
calls=2 231 
* 145
+3 4
+12 2
-11 2
+11 8
-11 2
cfi=(31)
cfn=(90)
calls=2 40 
* 196

fl=(101) ./elf/../sysdeps/x86_64/dl-trampoline.h
fn=(388) _dl_runtime_resolve_xsave
72 8
+3 8
+2 8
+10 8
+6 8
+1 8
+1 8
+1 8
+1 8
+1 8
+1 8
+4 8
+1 8
+3 8
+1 8
+2 8
+1 8
+1 8
+1 8
+1 8
+1 8
+2 8
+7 8
+1 8
+1 8
cfi=(102) ./elf/../elf/dl-runtime.c
cfn=(390) _dl_fixup
calls=8 -60 
* 4909
+1 8
+5 8
+1 8
+1 8
+2 8
+1 8
+1 8
+1 8
+1 8
+1 8
+1 8
+2 8
+2 8
+4 8
+3 8

fn=(389) _dl_runtime_resolve_xsave'2
72 2
+3 2
+2 2
+10 2
+6 2
+1 2
+1 2
+1 2
+1 2
+1 2
+1 2
+4 2
+1 2
+3 2
+1 2
+2 2
+1 2
+1 2
+1 2
+1 2
+1 2
+2 2
+7 2
+1 2
+1 2
cfi=(102)
cfn=(390)
calls=2 -60 
* 1621
+1 2
+5 2
+1 2
+1 2
+2 2
+1 2
+1 2
+1 2
+1 2
+1 2
+1 2
+2 2
+2 2
+4 2
+3 2

fl=(11) ./elf/../sysdeps/unix/sysv/linux/x86_64/brk.c
fn=(20) brk
31 5
+2 2
+6 1
+1 1

fl=(34) ./string/../sysdeps/x86_64/strcspn.S
fn=(104) strcspn
30 1
+7 1
+1 1
+2 1
+1 1
+1 1
+1 1
+1 33
+3 2
+7 1
+1 1
+1 1
+1 1
+2 1
+1 1
+1 1
+1 1
+2 1
+1 1
+1 1
+9 3
+12 1
+2 1
+1 1
+1 1
-4 16
+2 16
+1 16
+1 16
+2 16
+1 16
+1 16
+2 16
+1 16
+1 16
+2 16
+1 16
+1 16
+6 1
+7 1
+4 1

fl=(142) ./elf/dl-fini.c
fn=(600) _dl_fini
30 8
+20 3
-3 6
+3 4
+3 2
cfi=(2)
cfn=(52)
calls=1 841 
* 2
+2 1
+3 2
+2 6
+8 1
-3 1
+8 1
-5 5
+5 1
+2 8
+2 8
+2 8
+1 4
+1 4
+4 4
-12 12
+14 6
+1 4
+6 3
cfi=(55)
cfn=(174)
calls=1 -66 
* 236
+10 2
cfi=(2)
cfn=(54)
calls=1 847 
* 2
+5 6
+2 1
+2 3
-2 3
+2 9
+3 8
+3 12
+4 4
+11 2
+1 2
-1 2
+2 2
-2 2
+2 2
-2 2
+3 10
+1 2
cob=(4) /usr/lib/x86_64-linux-gnu/valgrind/vgpreload_core-amd64-linux.so
cfi=(85) ???
cfn=(628) 0x00000000000010c0
calls=1 0 
* 92
cob=(5) /mnt/c/Users/Pietro Ammaturo/github/WordChecker/main
cfi=(93) ???
cfn=(602) 0x0000000000001390
calls=1 0 
* 92
-1 8
+5 6
+1 6
cob=(2)
cfi=(17)
cfn=(644) 0x000000000482e278
calls=1 0 
* 3
cob=(2)
cfi=(17)
cfn=(626) 0x000000000010a6f4
calls=1 0 
* 3
+6 24
+19 4
-59 14
+11 6
-26 7
+80 6
+6 2
+7 8

fl=(47)
fn=(148) _dl_map_object_deps
159 2
+1 2
-1 2
+1 1
-1 1
+1 1
-1 1
+1 1
-1 4
+1 1
-8 1
+7 1
+1 1
-1 1
+1 1
-8 2
-6 1
+6 1
-7 1
+15 1
-16 1
+2 1
+6 1
+24 4
-28 3
-2 1
+31 1
-33 2
+2 2
+30 2
-30 1
-1 1
+1 1
+6 4
+24 2
-32 1
+60 1
-60 2
+36 1
+20 1
fi=(54) ./elf/../include/scratch_buffer.h
78 1
fe=(47)
180 1
fi=(54)
77 3
fe=(47)
198 1
+89 1
-89 1
+2 1
+9 1
+4 1
-4 1
+4 2
-4 3
+4 3
-4 3
+4 6
+11 14
-18 2
+18 2
433 8
+2 4
+3 2
-3 2
+3 4
cfi=(18)
cfn=(44)
calls=2 49 
* 48
* 2
* 2
+1 4
+6 2
+1 10
cfi=(19)
cfn=(46)
calls=2 135 
* 20
+1 12
cfi=(19)
cfn=(46)
calls=2 135 
* 20
+4 2
-1 2
+5 16
204 9
+22 2
+11 2
-5 2
-6 4
+5 2
+2 4
+1 4
+3 8
+66 2
-97 2
+97 2
-66 2
+66 6
-55 6
-2 2
+2 2
cfi=(35)
cfn=(114)
calls=2 -73 
* 6134
* 2
+1 4
+9 2
+2 4
+5 2
+6 2
+2 2
-8 4
+3 2
+1 2
+1 2
+1 2
+4 10
+4 4
+1 4
-43 200
+1 100
+6 8
cfi=(26)
cfn=(86)
calls=2 -13 
* 104
* 10
+38 144
fi=(54)
85 3
fe=(47)
464 6
+4 5
+11 4
cfi=(18)
cfn=(44)
calls=1 49 
* 24
* 1
* 1
+2 2
+5 2
+3 2
-3 4
+1 1
+2 1
+2 12
+4 12
+4 4
-10 12
+13 2
+51 3
+2 4
+35 6
cfi=(19)
cfn=(46)
calls=1 135 
* 10
+4 5
cfi=(55)
cfn=(174)
calls=1 28 
* 215
+3 1
+2 1
+1 1
-1 1
+2 2
+7 3
+3 2
+3 8
458 9
-1 4
+1 8
199 3
465 2
214 25
+3 2
fi=(54)
-86 6
cfi=(53) ./malloc/scratch_buffer_set_array_size.c
cfn=(170) __libc_scratch_buffer_set_array_size
calls=2 -97 
* 34
fe=(47)
+86 4
+4 4
554 2
380 6

fn=(150)
61 4
+7 2
-4 4
+1 2
-1 16
cfi=(26)
cfn=(120)
calls=2 1927 
* 5994
* 2
+5 4

fl=(29)
fn=(78)
109 65
+6 13
+1 13
+1 6
+1 6
+2 4
+1 4
+2 4
+65 2
+1 2
+10 2
+1 2
+1 2
+1 2
+1 2
+1 2
+1 2
+1 2
+1 2
+1 2
+1 2
+1 2
+1 2
+1 2
+2 40
+1 40
+1 40
+1 40
+1 40
+1 40
+1 40
+1 2
+15 7
+1 7
+1 7
+1 6
+1 6
+1 2
+1 2
+24 1
+1 1
+2 1
+3 4
+1 4
+2 4
+3 2
+1 2
+2 2

fl=(39)
fn=(128)
26 8
+1 2

fl=(1) ???
fn=(0) 0x0000000000001090
0 2
cfi=(2)
cfn=(2) _dl_start
calls=1 499 
0 105551
0 14
cfi=(84) ./elf/dl-init.c
cfn=(314) _dl_init
calls=1 79 
0 2080
0 3
cob=(5)
cfi=(93)
cfn=(350) _start
calls=1 0 
0 1249389

fl=(84)
fn=(316) call_init.part.0
28 32
+8 4
-8 4
+11 4
-3 8
+3 12
+5 9
+5 4
+9 12
cob=(3)
cfi=(86) ./csu/init-first.c
cfn=(328) _init
calls=1 -6 
* 95
cob=(2)
cfi=(17)
cfn=(318) 0x000000000482e000
calls=1 -58 
* 6
+3 2
+1 4
+6 2
+2 4
-2 4
+3 10
+1 8
cob=(3)
cfi=(90) ./libio/vtables.c
cfn=(338) check_stdfiles_vtables
calls=1 +12 
* 11
cob=(4)
cfi=(85)
cfn=(322) 0x0000000000001100
calls=1 -72 
* 11
* 4
cob=(3)
cfi=(91) ./string/../sysdeps/x86/cacheinfo.c
cfn=(340) init_cacheinfo
calls=1 488 
* 1714
-1 9
+3 24
-29 3
-5 3

fn=(314)
79 11
+1 1
+1 1
+3 3
+8 2
+25 1
+1 5
+1 2
-89 2
+89 6
-89 18
cfn=(316)
calls=3 -2 
* 1933
+88 12
+7 8
-95 3
cfn=(316)
calls=1 -2 
* 70
+57 2

fl=(25)
fn=(68)
120 4
+2 1

fl=(46) ./io/../sysdeps/unix/sysv/linux/access.c
fn=(146) access
27 7
+4 1

fl=(52)
fn=(166)
117 20
+5 5

fn=(310)
117 4
+5 1

fl=(38)
fn=(126)
37 11
-3 33
+3 66
+8 77
+2 3
-2 24
+2 8

fl=(116) ./elf/dl-open.c
fn=(436) _dl_find_dso_for_object
201 5
+4 5
+1 4
+1 12
+1 2
-2 6
+5 2
+4 7

fl=(32)
fn=(100) _dl_debug_state
74 2

fn=(96)
49 8
+5 6
+5 2
-1 1
+1 2
+1 2
-1 1
+5 1
-14 4
+4 8
+3 1
+1 5

fl=(2)
fn=(118)
642 1
+2 1
-2 1
+2 1
+1 2
-1 2
+1 3
cfi=(26)
cfn=(120)
calls=1 1927 
* 2448
* 1
+2 2

fn=(184) init_tls
735 3
+2 1
+4 1
-4 1
+4 2
+11 1
-1 3
cfi=(18)
cfn=(40)
calls=1 92 
* 33
* 1
-4 1
+15 1
-12 1
+6 1
-9 1
+11 1
+4 1
+2 3
-1 3
+3 1
+4 1
-4 4
+4 3
-4 3
+4 1
+2 1
-2 1
+4 2
-9 1
-1 2
+1 3
-1 6
+10 2
+3 2
cfi=(33)
cfn=(186) _dl_tls_static_surplus_init
calls=1 69 
* 73
+3 1
cfi=(33)
cfn=(188) _dl_determine_tlsoffset
calls=1 191 
* 73
+7 1
cfi=(33)
cfn=(190) _dl_allocate_tls_storage
calls=1 389 
* 387
* 1
+1 2
+6 1
+3 2
-3 1
+3 6
+3 1
+3 5

fn=(102) handle_preload_list
897 7
+5 5
-4 1
+10 2
+7 1
201 1
917 2
201 2
919 2
+1 4
cfn=(106) do_preload
calls=1 807 
* 2567
* 1
-18 2
+3 3
cfi=(34)
cfn=(104)
calls=1 30 
* 271
* 1
+1 3
+2 4
cfi=(19)
cfn=(46)
calls=1 135 
* 26
+1 2
+14 9

fn=(178)
675 2
+2 4
cfi=(56)
cfn=(180)
calls=1 362 
* 2801
* 2
+4 2

fn=(52)
841 5
+1 5

fn=(2)
499 9
67 3
fi=(5)
-8 1
fe=(2)
+8 1
fi=(3)
-19 1
fi=(5)
+11 2
fe=(2)
543 1
-3 1
fi=(3)
48 2
+15 1
+5 1
+3 1
+1 1
+1 1
-4 1
-2 1
-3 2
-1 20
+1 12
-16 4
+26 4
-26 9
+26 1
-26 2
+2 36
+17 13
-19 13
+26 13
-26 26
+33 2
+20 4
+1 4
+1 4
+1 4
+2 4
+5 4
+1 4
+1 4
+5 3
+5 2
+7 3
+1 3
+8 3
+3 3
+4 2
+1 2
fe=(2)
554 2
+7 1
67 1
466 1
67 3
466 1
cfi=(6)
cfn=(10)
calls=1 964 
* 23
+1 1
+18 2
-18 1
+1 2
+1 2
+1 2
+9 1
+6 1
cfi=(7) ./elf/../elf/dl-sysdep.c
cfn=(12) _dl_sysdep_start
calls=1 89 
* 104450
* 1
+2 2
+99 9
fi=(3)
65 5
+3 4
fe=(2)
559 7
fi=(4)
46 1
fe=(2)
559 3
fi=(4)
86 3
fe=(2)
559 4
fi=(4)
47 1
fe=(2)
559 3
fi=(4)
47 3
+37 1
-1 1
+28 3
+1 2
fi=(5)
547 2
fi=(4)
112 86
fi=(5)
547 86
+1 44
fi=(4)
111 44
fi=(5)
548 88
fi=(4)
111 88
+5 2
fi=(5)
427 1
fi=(4)
124 2
fi=(5)
339 18
fi=(4)
124 27
+12 9
+3 9
-3 9
fi=(5)
301 9
fi=(4)
139 9
-3 9
+1 18
fi=(5)
301 18
+8 90
+3 18
+27 45
fi=(3)
71 4
+1 2
+1 2
fi=(5)
359 18
+1 9
fe=(2)

fn=(32) dl_main
1127 1
+15 1
-15 4
2706 1
1127 6
+15 1
+4 2
+1 2
+5 2
2554 1
1127 1
2554 1
+7 1
1127 1
2561 2
1127 1
215 1
2561 1
216 1
2561 1
217 1
2561 1
-4 1
-1 2
+7 2
cfi=(15)
cfn=(34)
calls=1 29 
* 26
* 4
cfi=(15)
cfn=(34)
calls=2 29 
* 122
* 9
+4 6
-2 2
+2 6
+1 2
-1 6
+1 17
-1 89
+9 12
2725 3
+32 3
1162 4
2652 3
+1 3
-56 2
+7 2
1370 7
cfi=(16)
cfn=(36)
calls=1 59 
* 291
* 1
+2 2
+1 1
+1 1
+5 2
-5 1
+1 3
+4 1
cfi=(16)
cfn=(50)
calls=1 31 
* 32
+1 2
1136 1
1409 1
-3 1
-5 1
+8 1
-7 1
+2 1
+5 4
+56 1
1133 1
1465 2
-37 1
+22 1
+15 2
-55 99
+95 2
+1 2
+1 1
-98 21
1518 1
+3 1
+2 1
-5 2
+3 2
+2 2
+2 2
+13 3
+3 1
-2 1
+2 1
-2 2
+2 1
-2 2
cfi=(21)
cfn=(56)
calls=1 144 
* 24
* 2
+10 1
-3 1
-2 1
+3 1
+2 2
+1 2
+4 2
+2 2
fi=(3)
33 1
+9 2
+6 1
-2 1
+2 2
+15 1
+5 1
+3 1
-2 1
-2 1
-3 2
-1 24
+1 15
-16 5
+26 5
-26 11
+26 1
-26 2
+2 50
+17 19
-19 19
+26 19
-26 38
+33 3
+20 3
+1 4
+1 4
+1 4
+2 4
+5 4
+1 4
+1 4
+5 3
+5 2
+7 2
+1 3
+18 3
+14 3
+2 3
+1 2
+9 2
+5 2
+3 2
fe=(2)
1561 2
cfi=(6)
cfn=(10)
calls=1 964 
* 23
+3 2
fi=(22) ./elf/./setup-vdso.h
24 2
fi=(24) ./elf/../sysdeps/unix/sysv/linux/dl-vdso-setup.h
+21 1
fe=(2)
1589 2
cfi=(10)
cfn=(66)
calls=1 46 
* 99
* 8
1414 1
-5 1
+5 2
-5 2
+29 1
-9 1
+27 1
-27 1
+2 1
-3 1
+10 2
-19 1
-10 1
+10 2
-10 2
+56 4
-1 4
+1 8
-1 4
+2 8
+1 1
+3 2
+1 2
-1 6
+1 6
+1 4
+1 10
-64 1
+65 1
-65 2
+92 1
-92 1
+92 1
-92 2
fi=(3)
65 5
+3 4
+3 4
+1 2
+1 2
fi=(23) ./elf/../sysdeps/unix/sysv/linux/dl-vdso.h
-33 1
+1 2
fe=(2)
1594 2
cfi=(26)
cfn=(70)
calls=1 681 
* 1841
+3 3
cfi=(32)
cfn=(96)
calls=1 49 
* 17
+7 1
-7 1
+2 1
+5 1
+4 1
+3 1
-3 3
+1 2
+3 1
+5 1
-7 1
+7 1
+18 2
+1 2
+5 1
-3 2
+2 1
+1 2
+5 3
+1 5
-1 2
+9 2
+6 2
1137 1
1660 1
+25 1
cfi=(33)
cfn=(98) _dl_count_modids
calls=1 169 
* 5
* 1
+8 3
+3 2
+4 3
+5 2
+1 1
cfi=(32)
cfn=(100)
calls=1 74 
* 1
+5 3
+16 3
+2 1
+2 2
+8 2
+15 3
cfi=(46)
cfn=(146)
calls=1 27 
* 8
* 2
+76 4
67 1
1850 1
67 2
1850 1
67 1
1850 6
cfi=(47)
cfn=(148)
calls=1 159 
* 7545
74 1
1855 1
74 2
+9 2
1855 2
+1 6
-1 4
+1 6
-1 12
+4 3
+1 3
+1 1
+2 2
+1 5
-1 9
+1 6
+12 1
+1 1
-1 2
+1 2
+2 1
+2 3
+2 1
-4 1
+5 1
-1 2
+14 2
+1 2
+1 3
+11 1
+1 1
-1 1
+2 4
-2 3
+2 1
cfi=(35)
cfn=(176)
calls=1 238 
* 2827
+10 1
+1 1
-1 1
+1 1
+3 2
856 1
fi=(148) ./elf/../sysdeps/unix/sysv/linux/dl-osinfo.h
64 2
fe=(2)
858 1
fi=(148)
77 1
fe=(2)
867 1
+7 1
-5 1
1931 3
2161 3
2604 4
+2 2
+1 1
1618 6
-11 4
fi=(24)
30 5
+3 1
+3 1
+3 1
fi=(23)
+16 2
fe=(2)
1649 2
+1 2
+1 1
2230 1
-13 1
+4 1
+6 1
-10 1
+10 1
-6 1
+9 2
+54 3
+3 1
67 2
2291 1
67 2
2292 20
+2 8
+5 8
+2 8
+6 4
+2 8
+1 24
cfi=(57)
cfn=(192)
calls=3 167 
* 70603
+4 10
+1 3
cfi=(33)
cfn=(302) _dl_add_to_slotinfo
calls=1 944 
* 27
* 1
-12 1
+1 1
-3 3
74 3
+1 1
2323 1
75 1
2323 1
+2 1
+3 4
+2 1
+7 3
cfi=(33)
cfn=(304) _dl_allocate_tls_init
calls=1 494 
* 131
+3 2
+9 3
+2 4
67 1
2364 1
+1 3
67 3
2365 2
cfi=(57)
cfn=(192)
calls=1 167 
* 6484
74 3
+9 2
2375 1
cfi=(7)
cfn=(306) _dl_sysdep_start_cleanup
calls=1 259 
* 1
+4 3
+21 3
cfi=(32)
cfn=(96)
calls=1 49 
* 8
+1 1
+1 1
cfi=(32)
cfn=(100)
calls=1 74 
* 1
+5 1
cfi=(49)
cfn=(308)
calls=1 349 
* 15
+5 8
1874 2
2653 2
+2 2
+1 1
1924 2
cfn=(184)
calls=1 735 
* 646
* 2
67 1
1735 1
67 2
1735 1
67 1
1735 2
cfn=(102)
calls=1 897 
* 2916
* 1
74 3
+9 3
1834 5
+1 1
-1 2
+4 3
+1 1
+1 2
+1 2
-7 2

fn=(106)
807 1
+12 1
-12 5
+10 1
-4 1
+6 2
-5 1
+5 2
-10 1
+6 1
+4 1
cfi=(35)
cfn=(110)
calls=1 225 
* 2538
* 1
+1 3
+8 3
+6 5

fn=(54)
847 5
+1 5

fl=(53)
fn=(170)
34 2
-4 2
+1 2
+3 2
-3 2
-1 2
+5 2
-5 4
+5 2
+11 2
-1 4
+18 8

fl=(27)
fn=(72)
42 5
+1 1
-1 5
+1 1
-1 1
+1 1
-1 1
+1 2
-1 1
+1 1
cfi=(8)
cfn=(26)
calls=1 367 
* 19
* 1
+2 1
+1 2
-1 1
+1 1
+9 1
-12 1
+12 5
+1 1
+1 1
-1 2
+1 1
-1 1
+73 1
-72 1
+72 1
-74 12
+10 3
185 1
+5 1
-5 1
+5 5
-2 2
-2 1
+2 1
-2 1
+2 2
-2 1
+2 1
-2 1
fi=(28) ./elf/../sysdeps/x86/dl-hwcap.h
57 6
fe=(27)
188 1
+1 1
cfi=(13)
cfn=(28)
calls=1 79 
* 16
+1 1
+5 1
-5 2
-1 1
-4 1
+5 1
+5 1
+2 1
-7 1
-5 2
-37 2
+1 1
-1 6
+37 2
+8 3
+3 1
-1 1
+1 1
+4 1
+2 1
-2 3
+1 1
-1 1
+4 2
+4 2
-1 2
+4 7
+1 2
+18 11
+1 2
-1 1
+1 3
cfi=(18)
cfn=(44)
calls=1 49 
* 24
* 1
+1 4
-1 1
+1 3
+31 4
+10 3
+21 1
-21 1
+21 2
-21 1
+21 1
-28 2
+13 1
+3 1
-9 1
+10 1
-1 2
-3 1
-32 1
+36 5
-4 2
-3 1
+3 1
cfi=(19)
cfn=(76)
calls=1 122 
* 16
* 2
-3 1
+3 1
cfi=(19)
cfn=(76)
calls=1 122 
* 16
* 2
+3 2
-3 6
+3 5
+1 12
+1 2
-2 1
+2 1
cfi=(19)
cfn=(76)
calls=1 122 
* 14
* 2
-2 2
+5 6
cfi=(19)
cfn=(76)
calls=2 122 
* 28
* 4
+2 5
-7 4
+13 1
-1 1
+1 2
-1 2
+1 7
-1 7
+1 14
-1 16
+5 7
+3 2
-3 8
+3 10
+1 3
-1 3
+1 15
-1 9
+1 18
+1 24
-1 12
-1 12
+2 24
-1 24
-1 24
+4 9
+3 1
+1 1
+1 2
-2 1
+1 1
-1 1
+2 3
-1 1
+1 2
+3 2
+3 2
-6 2
+2 6
+3 1
+1 2
-6 2
+6 3
+7 8
+1 1
-1 2
+3 2
-3 3
+1 3
-1 6
+3 6
+3 4
+3 9
185 5
+29 1
+1 3
+1 1
-1 1
+1 1
-1 2
+2 2
+4 1
+3 3

fl=(7)
fn=(306)
259 1

fn=(12)
89 8
+25 1
-1 1
+1 70
+6 1
-3 1
+1 1
-4 1
+3 1
+3 8
-29 1
-1 2
+30 20
+1 108
+61 1
+1 1
-1 1
+1 1
-63 75
+34 1
-34 2
+35 1
-35 2
+46 1
-46 1
+47 1
-1 1
-46 3
+40 1
-40 1
+41 1
-1 1
-40 3
+37 1
-37 2
+38 1
-38 3
+13 1
-13 2
+14 1
-14 2
+10 1
-10 2
+11 1
-11 2
+7 1
-7 4
+4 1
-4 4
223 1
cfi=(8)
cfn=(14)
calls=1 +60 
* 8746
fi=(10)
36 2
cfi=(11)
cfn=(20)
calls=1 -5 
* 9
fi=(12)
322 1
-13 1
+13 1
-12 1
+1 1
+11 1
+3 6
476 3
+1 1
+3 2
+1 1
+6 1
+6 1
-5 1
+5 1
-3 1
+3 1
-4 1
+4 1
cfi=(8)
cfn=(26)
calls=1 367 
* 17
+2 4
cfi=(8)
cfn=(26)
calls=1 367 
* 19
* 1
+2 3
-2 1
+2 1
cfi=(8)
cfn=(26)
calls=1 367 
* 19
* 1
+2 3
-2 1
+2 1
cfi=(8)
cfn=(26)
calls=1 367 
* 19
* 1
+12 1
-1 1
-11 1
+12 1
fe=(7)
235 1
cfi=(13)
cfn=(28)
calls=1 79 
* 16
* 1
+2 2
cfi=(14)
cfn=(30)
calls=1 32 
* 17
* 3
+12 3
+3 5
cfi=(2)
cfn=(32)
calls=1 1127 
* 94974
+1 1
+1 8
fi=(12)
515 3
+28 1
fe=(7)
234 1
fi=(12)
534 3
+2 4
+1 2
+2 4
+1 2
331 6
cfn=(24)
calls=1 71 
* 97
49 4
+1 2
+1 6
+5 2
+1 6
+5 2
+1 6
336 1
+2 1
+7 1
+59 1
+10 1
-78 2
+89 4
-96 1
+96 2
-99 1
+12 10
+38 2
+14 1
+10 5
+14 2
+1 1
fe=(7)

fl=(45)
fn=(144)
26 12
+1 3

fl=(41)
fn=(134)
33 9
+1 6
+1 12
+4 3

fl=(48)
fn=(154)
33 24
+1 16
+1 32
+4 1
-4 28

fl=(102)
fn=(390)
66 20
+6 20
-6 10
+3 20
+3 30
-4 10
+5 10
+2 10
-2 50
+2 10
-2 10
+2 10
+5 20
+4 20
+4 30
+4 20
+1 40
-7 40
+16 10
-1 10
+1 20
+10 100
cfi=(6)
cfn=(200)
calls=10 841 
* 5698
* 10
+4 50
+10 90
+7 10
+8 40
+4 30
fi=(5)
+97 10
fe=(102)
-93 40
fi=(134) ./elf/../sysdeps/x86_64/dl-irel.h
32 2
cob=(3)
cfi=(68)
cfn=(236)
calls=1 +9 
* 8
cob=(3)
cfi=(70)
cfn=(240)
calls=1 +10 
* 18
* 4
fe=(102)

fl=(21)
fn=(56)
144 156
+1 156
+2 156
+1 156
+21 156
+1 156
+1 73
+1 73
+1 37
+1 37
+1 37
+1 37
+21 37
+1 37
+1 37
+1 37
+1 37
+1 37
+1 37
+5 6
+1 6
+9 6
+1 6
+1 6
+1 6
+1 6
+1 6
+1 6
+1 6
-7 119
+1 119
+1 119
+1 119
+1 119
+1 119
+1 119
+1 119
+1 62
+1 40
+1 40
+1 40
+2 40
+1 40
+1 40
+1 40
+1 40
+1 40
-5 22
+1 22
+1 22
+1 22
+1 22
+1 22
+10 63
+1 63
+1 63
+2 63
+6 63
+1 63
+1 63
+1 63
+1 63
+5 63
+2 1
+1 1
+1 2
+8 1
+1 1
+3 1
+1 1
+1 1
+1 1
+1 1
+1 1
696 11
+1 11
+1 11
+1 11
+1 11
+2 11
+1 11
+1 11
+1 11
+1 11
+1 11
+1 11
+1 2
+4 2
+1 2
+1 2
+6 2
+1 2
+1 4
+4 2
+1 2
+3 2
+1 2
+1 2
+3 2
+1 2
+1 2
+6 2
+1 2
+1 2
+1 2
+1 2
+1 2
+72 4
+1 4
+1 4
+1 4
+1 4
+2 4
+1 4
+1 4
+1 4
+1 4
+1 4
+1 4
+1 2
+4 2
+1 2
+1 2
+6 2
+1 2
+1 4
+4 2
+1 2
+3 2
+1 2
+1 2
+3 2
+1 2
+1 2
+6 2
+1 2
+1 2
+1 2
+1 2
+1 2
1071 3
+1 3
+1 3
+1 3
+1 3
+2 3
+1 3
+1 3
+1 3
+1 3
+1 3
+1 3
+1 3
+4 3
+1 3
+1 3
+6 3
+1 3
+1 6
+4 3
+1 3
+3 3
+1 3
+1 3
+3 3
+1 3
+1 3
+6 3
+1 3
+1 3
+1 3
+1 3
+1 3
+7 1
+1 1
+2 1
+1 1
+2 1
+1 1
+1 1
+3 1
+1 1
+1 1
+6 1
+1 1
+1 1
+1 1
+1 1
+1 1
+41 2
+1 2
+1 2
+1 2
+1 2
+2 2
+1 2
+1 2
+1 2
+1 2
+1 2
+1 2
+1 2
+4 2
+1 2
+1 2
+6 2
+1 2
+1 4
+4 2
+1 2
+3 2
+1 2
+1 2
+3 2
+1 2
+1 2
+6 2
+1 2
+1 2
+1 2
+1 2
+1 2
+72 1
+1 1
+1 1
+1 1
+1 1
+2 1
+1 1
+1 1
+1 1
+1 1
+1 1
+1 1
+1 1
+4 1
+1 1
+1 1
+6 1
+1 1
+1 2
+4 1
+1 1
+3 1
+1 1
+1 1
+3 1
+1 1
+1 1
+6 1
+1 1
+1 1
+1 1
+1 1
+1 1
1571 12
+1 12
+1 12
+1 12
+1 12
+2 12
+1 12
+1 12
+1 12
+1 12
+1 12
+1 12
+1 11
+4 11
+1 11
+1 11
+6 11
+1 11
+1 22
+4 11
+1 11
+3 11
+1 11
+1 11
+3 11
+1 11
+1 11
+6 11
+1 11
+1 11
+1 11
+1 11
+1 11
+72 3
+1 3
+1 3
+1 3
+1 3
+2 3
+1 3
+1 3
+1 3
+1 3
+1 3
+1 3
1821 23
+1 23
+1 23
+1 23
+1 23
+2 23
+1 23
+1 23
+1 23
+1 23
+1 23
+1 23
+1 6
+4 6
+1 6
+1 6
+6 6
+1 6
+1 12
+4 6
+1 6
+3 6
+1 6
+1 6
+3 6
+1 6
+1 6
+6 6
+1 6
+1 6
+1 6
+1 6
+1 6
+72 3
+1 3
+1 3
+1 3
+1 3
+2 3
+1 3
+1 3
+1 3
+1 3
+1 3
+1 3
+1 2
+4 2
+1 2
+1 2
+6 2
+1 2
+1 4
+4 2
+1 2
+3 2
+1 2
+1 2
+3 2
+1 2
+1 2
+6 2
+1 2
+1 2
+1 2
+1 2
+1 2
2200 30
+2 30
+1 30
+1 30
+1 30
-3 95
+1 95
+1 95
+1 95
+1 80
+5 40
+6 40
+1 40
+8 40
+1 40
-16 116
+6 116
+1 116
+8 116
+1 116

fl=(33)
fn=(188)
191 7
+6 3
+3 2
+36 3
+2 1
-2 1
-2 1
-40 1
-1 1
-1 1
+46 2
+23 3
+3 1
-3 4
+2 2
+10 1
-12 1
-25 6
+2 2
+3 1
-1 1
+5 2
-5 1
+1 1
-1 1
+3 2
+2 3
+32 2
-1 1
+53 1
-52 4
+2 2
+51 8

fn=(304)
494 8
+1 2
+4 1
+6 1
-6 1
+6 2
-4 1
+16 1
-15 2
+20 8
+9 3
+1 2
+6 3
+3 1
-2 1
+6 1
-6 1
+2 1
+4 1
-4 3
+1 1
+2 2
+4 2
+1 4
+2 2
+1 2
+12 1
-3 1
+3 2
cfi=(19)
cfn=(76)
calls=1 122 
* 12
* 5
cfi=(29)
cfn=(78)
calls=1 109 
* 33
-36 1
-6 4
+6 4
+50 2
+3 9

fn=(98)
169 2
+1 1
+15 2

fn=(190)
389 1
+13 1
-13 2
+2 1
+12 2
cfi=(18)
cfn=(44)
calls=1 49 
* 24
* 1
+1 3
+8 2
-69 1
+69 2
+1 1
+4 297
+19 1
-94 2
+1 2
cfi=(18)
cfn=(40)
calls=1 92 
* 33
* 1
+1 2
+3 1
+6 2
+89 5

fn=(168)
107 1
+13 1
-13 1
+36 1
+12 1
+4 1

fn=(186)
69 1
+4 1
-4 1
+4 1
-4 3
+4 3
cfi=(8)
cfn=(26)
calls=1 367 
* 19
* 1
+1 4
cfi=(8)
cfn=(26)
calls=1 367 
* 19
* 3
+6 1
+2 4
+5 1
-2 1
+4 3
+1 2
+1 5

fn=(302)
944 7
+6 1
+3 1
+1 1
+4 3
+41 2
+3 4
-1 1
+1 1
+2 6

ob=(4)
fl=(85)
fn=(628)
0 8
cob=(2)
cfi=(17)
cfn=(634) 0x000000000482e040
calls=1 0 
0 75
0 1
cfn=(638) 0x0000000000001050
calls=1 0 
0 5
0 3

fn=(322)
0 11

fn=(638)
0 5

ob=(2)
fl=(17)
fn=(318)
0 6

fn=(626)
0 3

fn=(644)
0 3

fn=(634)
0 1
cob=(3)
cfi=(143) ./stdlib/cxa_finalize.c
cfn=(610) __cxa_finalize
calls=1 30 
0 74

fn=(364) 0x0000000000109000
0 6

fn=(92)
0 3
cob=(1)
cfi=(18)
cfn=(94)
calls=3 111 
0 12

fn=(418) 0x0000000004865308
0 2
cob=(3)
cfi=(112) ./malloc/malloc.c
cfn=(420) malloc
calls=2 3031 
0 75146

fn=(608) 0x00000000001090b0
0 1
cob=(3)
cfi=(143)
cfn=(610)
calls=1 30 
0 74

ob=(5)
fl=(93)
fn=(362) __libc_csu_init
0 14
cob=(2)
cfi=(17)
cfn=(364)
calls=1 0 
0 6
0 8
cfn=(368) 0x00000000000013d0
calls=1 0 
0 11
0 11

fn=(602)
0 8
cob=(2)
cfi=(17)
cfn=(608)
calls=1 0 
0 75
0 1
cfn=(620) 0x0000000000001320
calls=1 0 
0 5
0 3

fn=(350)
0 11
cob=(3)
cfi=(94) ./csu/../csu/libc-start.c
cfn=(352) (below main)
calls=1 137 
0 1249378

fn=(368)
0 11

fn=(620)
0 5

fl=(100) /mnt/c/Users/Pietro Ammaturo/github/WordChecker/main.c
fn=(590) validBranch
229 35
+4 5
-4 5
+4 15
+1 5
-1 5
+1 5
-1 10
+1 168
-1 168
+1 168
-1 509
+1 173
-1 173
+1 173
-1 346
+1 171
-1 171
+1 171
-1 342
+1 410
-1 1230
+1 482
-1 1446
+1 501
-1 2004
+3 501
-3 1484
+3 482
-3 1374
+3 410
-3 820
+3 344
-3 344
+3 344
-3 861
+3 173
-3 173
+3 173
-3 346
+3 10
+1 40

fn=(514) addWords
199 132
+7 24
cob=(3)
cfi=(130) ./libio/getc.c
cfn=(520) getc
calls=11 34 
* 2244
cob=(1)
cfi=(101)
cfn=(388)
calls=1 72 
* 663
* 16
* 2
cob=(3)
cfi=(130)
cfn=(520)
calls=1 34 
* 204
* 1
+1 52
+3 72
+3 625
+2 125
+1 125
-3 125
+3 125
cob=(3)
cfi=(130)
cfn=(520)
calls=125 34 
* 2125
* 125
-1 500
+1 500
-3 500
+3 500
cob=(3)
cfi=(130)
cfn=(520)
calls=500 34 
* 8500
* 500
-3 1875
-21 500
-3 125
+3 125
cfn=(522) findOrAddChild
calls=125 +54 
* 31991
* 2000
-3 500
+3 500
cfn=(522)
calls=500 +54 
* 200090
* 625
+2 1250
-5 1250
+32 250
cob=(3)
cfi=(130)
cfn=(520)
calls=125 34 
* 25500
* 125
-11 250
+16 108

fn=(584) compareWords
413 568
+3 781
119 612
+5 67
+2 67
-2 134
+7 30
419 816
+19 328
+4 656
-2 328
-24 328
+26 328
-26 656
+2 355
114 355
418 355
114 710
+2 302
419 453
+3 27
+6 27
+3 27
-3 27
-4 27
-8 27
+12 108
+3 27
+2 27
-17 90
+31 4
114 4
447 4
114 8
416 536
+31 67
114 67
447 67
114 134
447 284
114 284
447 284
114 568
+5 612
+5 67
+2 67
-2 134
+10 40
450 20
-2 20
+2 690
-2 690
+2 6852
+3 3560
+3 42
+8 19
-2 19
+2 19
+2 19
+11 19
+10 57
-3 133
+3 1008
-3 2352
+3 1306
-3 9142
+10 710
-49 1491
+57 213
+5 71
+4 71
-4 4544
+4 4473
-4 4473
+4 18128
+2 32
+4 9088
+2 182
-15 13632
+56 71
-37 71
+37 71
-37 71
+37 71
-37 71
+37 71
-37 71
+37 142
-37 71
cob=(3)
cfi=(103) ./stdio-common/printf.c
cfn=(394) printf
calls=71 28 
* 38198
* 71
121 274
473 4
116 302
+5 274
498 2456
-2 921
+2 1228
-2 3991
-19 672
+2 4
+1 2
-1 2
+1 4

fn=(508) addNode
164 1
+2 1
-2 4
+2 1
cob=(1)
cfi=(101)
cfn=(388)
calls=1 -94 
* 831
* 5
* 1
+1 2
+3 2
-1 1
+1 1
+1 1
-1 1
+2 1
-2 2
+9 5

fn=(570) printDictionary
395 85
+4 68
+5 51
+5 1482
-1 1482
+3 68
-1 810
cfn=(571) printDictionary'2
calls=270 -15 
* 126377
* 270

fn=(571)
395 6215
+4 4972
+5 3729
+5 4329
-1 4329
+3 4280
-1 2919
cfn=(571)
calls=973 -15 
* 427714
* 973
+1 173
-6 692
+6 346
-6 173
cob=(3)
cfi=(103)
cfn=(394)
calls=173 28 
* 93074
* 173

fn=(522)
246 6250
+4 13939
+3 241
+5 308
+6 181
+2 1079
-11 348
cfn=(524) addChildBetween
calls=87 +14 
* 37629
* 148
cfn=(524)
calls=37 +14 
* 16021
* 248
+3 248
-3 444
+9 444
+2 2220
-11 1735
cfn=(524)
calls=347 +14 
* 149904
* 347
+3 347

fn=(586) filterDictionary
309 820
+5 246
+59 246
+1 7854
-1 7854
+4 656
-2 5904
cfn=(587) filterDictionary'2
calls=1476 -66 
* 374832
* 1476

fn=(587)
309 59390
+5 17817
114 5939
316 5939
114 11878
+5 10983
+5 3072
+5 156
318 201
116 2278
318 4556
+3 2278
-3 2278
+3 2278
-3 2278
+3 4556
-3 2278
+3 8217
-3 3661
+3 3661
-3 3661
+3 7322
-3 3661
+3 7322
+12 25947
+13 16717
+12 6189
+1 19578
+1 17852
cfn=(587)
calls=4463 -51 
* 592731
-2 13389
+6 21444
+2 429
+3 1287
+8 3432
-8 9864
+8 39456
126 946
318 1892
126 946
337 578
+1 578
+39 4624
-36 429
+2 858
121 2637
318 5274
121 2637
348 1902
+6 287

fn=(380) main
704 1
+10 3
-10 6
+10 1
cob=(1)
cfi=(101)
cfn=(388)
calls=1 72 
* 76444
* 5
+1 4
cob=(3)
cfi=(103)
cfn=(394)
calls=1 28 
* 571
* 1
+1 4
cob=(3)
cfi=(103)
cfn=(394)
calls=1 28 
* 586
* 1
+1 4
cob=(3)
cfi=(103)
cfn=(394)
calls=1 28 
* 571
* 1
+3 4
cob=(1)
cfi=(101)
cfn=(388)
calls=1 72 
* 1743
* 5
+3 5
cfn=(508)
calls=1 164 
* 860
+3 1
-3 1
+3 3
cob=(3)
cfi=(112)
cfn=(420)
calls=1 3031 
* 191
* 1
+2 1
-2 2
+2 1
cob=(3)
cfi=(112)
cfn=(420)
calls=1 3031 
* 189
* 1
+2 1
-2 1
+2 1
cob=(3)
cfi=(112)
cfn=(420)
calls=1 3031 
* 189
* 1
+2 1
-2 2
+2 1
cob=(3)
cfi=(112)
cfn=(420)
calls=1 3031 
* 189
* 1
+2 1
-2 1
+2 1
cob=(3)
cfi=(112)
cfn=(420)
calls=1 3031 
* 189
* 1
* 1
+2 12
+3 5
cfn=(514)
calls=1 199 
* 110873
+12 1
+5 2
-17 1
+14 3
+11 10
cob=(3)
cfi=(130)
cfn=(520)
calls=5 34 
* 1020
* 5
-19 10
+2 20
cob=(3)
cfi=(131) ./libio/iofgets.c
cfn=(530) fgets
calls=4 37 
* 684
cob=(1)
cfi=(101)
cfn=(388)
calls=1 72 
* 797
* 9
+4 40
+2 50
cfn=(544) startMatch
calls=5 562 
* 1052373
* 15
+20 9

fn=(544)
562 70
+7 35
+1 5
-1 5
+1 5
cob=(3)
cfi=(130)
cfn=(520)
calls=5 34 
* 1020
* 5
* 20
-1 20
+1 20
cob=(3)
cfi=(130)
cfn=(520)
calls=20 34 
* 340
* 20
* 25
-1 50
+3 10
cob=(3)
cfi=(130)
cfn=(520)
calls=5 34 
* 85
* 5
+2 20
cob=(3)
cfi=(123) ./stdio-common/isoc99_scanf.c
cfn=(478) __isoc99_scanf
calls=5 25 
* 3970
* 5
* 5
+5 10
cob=(3)
cfi=(130)
cfn=(520)
calls=5 34 
* 85
* 5
* 10
cob=(3)
cfi=(130)
cfn=(520)
calls=5 34 
* 1020
* 5
* 10
+1 40
+3 10
+2 30
cob=(3)
cfi=(135) ./string/../sysdeps/x86_64/multiarch/memset-vec-unaligned-erms.S
cfn=(552) __memset_avx2_unaligned_erms
calls=4 168 
* 164
cob=(1)
cfi=(101)
cfn=(388)
calls=1 72 
* 689
* 9
* 5
+3 15
131 20
588 20
+3 20
+2 5
119 51
+5 5
+2 5
-2 10
594 25
-1 25
+1 25
-1 50
+1 25
114 25
594 25
114 50
+2 16
+5 24
597 5
388 5
602 5
-3 5
-2 5
+6 5
388 5
597 15
+6 20
+3 13
+34 456
+2 76
+1 76
-3 76
+3 76
cob=(3)
cfi=(130)
cfn=(520)
calls=76 34 
* 1292
* 76
-1 304
+1 304
-3 304
+3 304
cob=(3)
cfi=(130)
cfn=(520)
calls=304 34 
* 5168
* 304
-3 760
+6 304
cfn=(554) findWord
calls=76 145 
* 11543
* 152
+40 10
cob=(3)
cfi=(136) ./libio/ioputs.c
cfn=(560) puts
calls=4 33 
* 612
cob=(1)
cfi=(101)
cfn=(388)
calls=1 72 
* 789
* 9
+4 208
+7 10
cob=(3)
cfi=(136)
cfn=(560)
calls=5 33 
* 785
* 5
+1 10
cfn=(590)
calls=5 229 
* 16770
+4 40
-10 198
cob=(3)
cfi=(130)
cfn=(520)
calls=99 34 
* 20196
* 99
-89 198
+3 198
+2 140
cob=(3)
cfi=(131)
cfn=(530)
calls=28 37 
* 5096
* 28
+3 202
+3 68
cfn=(570)
calls=17 395 
* 130693
* 17
+3 99
+2 44
cfn=(514)
calls=11 199 
* 173976
+2 33
+5 11
-7 11
+2 11
cob=(3)
cfi=(131)
cfn=(530)
calls=11 37 
* 1881
* 11
+5 396
+3 33
+1 22
+4 44
-2 11
+2 11
cfn=(586)
calls=11 309 
* 66955
* 11
+16 213
-1 71
+1 71
cob=(3)
cfi=(139) ./string/../sysdeps/x86_64/multiarch/strcmp-avx2.S
cfn=(582) __strncmp_avx2
calls=70 82 
* 1820
cob=(1)
cfi=(101)
cfn=(388)
calls=1 72 
* 715
* 75
* 142
+11 213
-4 71
+4 2414
+3 213
+1 71
+2 781
cfn=(584)
calls=71 413 
* 144133
+4 2556
+3 284
+5 284
-2 71
+2 71
cfn=(586)
calls=71 309 
* 332933
382 213
+5 6792
-1 6792
682 284
cob=(3)
cfi=(103)
cfn=(394)
calls=71 28 
* 39622
* 71
* 71
382 3426
+5 3923
-1 6417
+1 2991
-5 3588
+5 4111
-1 4356
+1 768
-5 2457
+5 2457
-1 3114
+1 657
+1 1508
cfn=(588) countFiltered
calls=754 -9 
* 20927
* 754

fn=(524)
269 1884
+3 471
-3 2355
+3 471
cob=(3)
cfi=(112)
cfn=(420)
calls=471 3031 
* 92316
* 471
* 471
+2 942
+2 471
166 942
cob=(3)
cfi=(112)
cfn=(420)
calls=471 3031 
* 92316
* 471
* 471
+1 942
+2 471
+1 942
+1 471
-1 471
+2 471
-2 942
277 471
+2 942
+2 82
+8 3297

fn=(554)
145 380
+3 152
295 152
148 576
295 8694
+3 360
145 1077
+12 142
-2 5
+3 5

fn=(588)
379 6032
+3 2262
+5 2373
-1 2373
+3 6032
-7 1113
+1 742

ob=(3)
fl=(95) ./stdlib/cxa_atexit.c
fn=(360) __new_exitfn
88 2
-6 4
+11 4
-10 2
+12 4
-2 1
+10 1
-10 3
+45 1
+5 1
-4 1
+4 4
-18 1
-1 1
+1 1

fn=(356) __internal_atexit
36 5
+5 6
+2 1
fi=(96) ./stdlib/../sysdeps/unix/sysv/linux/x86/lowlevellock.h
+4 1
fe=(95)
-4 2
fi=(96)
+4 2
fe=(95)
-3 2
cfn=(360)
calls=1 +44 
* 31
+2 2
+7 1
+3 1
-3 2
+4 1
-2 1
+3 1
+1 4
+2 7

fn=(354) __cxa_atexit
70 2
cfn=(356)
calls=1 -34 
* 70

fl=(68)
fn=(236)
41 6
-2 2
+2 2
-2 4
+15 2

fl=(144) ./nptl/register-atfork.c
fn=(614) __unregister_atfork
79 4
+1 6
fi=(145) ./nptl/../sysdeps/unix/sysv/linux/x86/lowlevellock.h
-33 4
fi=(149) ./nptl/../malloc/dynarray-skeleton.c
239 2
fe=(144)
68 4
+38 8
+1 4

fl=(64)
fn=(244)
32 6
-2 10
fi=(150) ./string/../sysdeps/x86_64/multiarch/strnlen.c
+1 2
fe=(64)

fn=(294)
32 3
-2 5
fi=(151) ./string/../sysdeps/x86_64/multiarch/strchrnul.c
+1 1
fe=(64)

fn=(224)
32 3
-2 5
fi=(152) ./string/../sysdeps/x86_64/multiarch/rawmemchr.c
+1 1
fe=(64)

fn=(268)
32 3
-2 5
fi=(153) ./string/../sysdeps/x86_64/multiarch/strlen.c
-1 1
fe=(64)

fn=(276)
32 3
-2 5
fi=(154) ./string/../sysdeps/x86_64/multiarch/memchr.c
-1 1
fe=(64)

fn=(222)
32 3
-2 5
fi=(155) ./string/../sysdeps/x86_64/multiarch/strrchr.c
-2 1
fe=(64)

fn=(270)
32 3
-2 5
fi=(156) ./string/../sysdeps/x86_64/multiarch/memrchr.c
-1 1
fe=(64)

fl=(99) ./setjmp/sigjmp.c
fn=(378) __sigjmp_save
28 2
+2 2
-1 1
+5 3

fl=(146) ./io/../sysdeps/unix/sysv/linux/write.c
fn=(660) write
26 7
+1 1

fl=(75)
fn=(260)
32 4
-2 2
+2 6
-2 4
+5 2
-1 2
+1 2
-1 6
fi=(157) ./wcsmbs/../sysdeps/x86_64/multiarch/wmemset.c
-3 4
fe=(75)

fl=(71)
fn=(264)
30 5
fi=(158) ./string/../sysdeps/x86_64/multiarch/strpbrk.c
-1 1
fe=(71)

fn=(280)
30 5
fi=(159) ./string/../sysdeps/x86_64/multiarch/strspn.c
-1 1
fe=(71)

fn=(246)
30 5
fi=(160) ./string/../sysdeps/x86_64/multiarch/strcspn.c
-1 1
fe=(71)

fl=(104) ./stdio-common/vfprintf-internal.c
fn=(396) __vfprintf_internal
1289 3828
+31 1595
+8 958
+4 1595
+11 957
+11 638
fi=(161) ./stdio-common/printf-parse.h
111 638
fe=(104)
1354 638
fi=(161)
111 319
cfi=(105) ./string/../sysdeps/x86_64/multiarch/strchr-avx2.S
cfn=(400) __strchrnul_avx2
calls=319 -66 
* 5742
* 319
fe=(104)
1369 638
fi=(161)
111 319
fe=(104)
1365 319
+4 319
+4 319
fi=(138) ./stdio-common/../libio/libioP.h
941 319
+2 319
-2 638
+2 319
-2 319
+2 319
+1 638
fe=(104)
1373 1914
cfi=(107) ./libio/fileops.c
cfn=(404) _IO_file_xsputn@@GLIBC_2.2.5
calls=319 1198 
* 6061
* 1276
+4 319
-4 319
+4 638
+4 2233
-57 319
+57 319
-23 319
-8 319
+73 2552
-13 319
-1 319
+14 319
-3 319
-4 319
-9 319
+16 319
-15 319
+7 319
-3 319
+11 638
-17 319
-1 319
+18 638
-19 319
-1 319
+20 319
-3 319
-9 319
-9 319
+17 638
-91 636
1741 2233
+1 957
+3 3828
1369 2233
+1 2233
fi=(106) ./stdio-common/../sysdeps/unix/sysv/linux/x86/lowlevellock.h
47 638
fe=(104)
1370 1276
1741 1914
-36 319
+2 638
+8 319
fi=(161)
111 638
fe=(104)
1715 319
fi=(161)
111 319
fe=(104)
1715 319
fi=(161)
111 319
cfi=(105)
cfn=(400)
calls=319 -66 
* 5742
* 319
fe=(104)
1719 319
-4 319
+4 957
fi=(138)
943 957
+1 638
fe=(104)
1719 1914
cfi=(107)
cfn=(404)
calls=319 1198 
* 21054
* 4147
+2 957
-33 5124
cfi=(137) ./string/../sysdeps/x86_64/multiarch/strlen-avx2.S
cfn=(574) __strnlen_avx2
calls=244 45 
* 5368
* 244
* 2440
fi=(138)
943 732
+1 732
fe=(104)
1688 1220
cfi=(107)
cfn=(404)
calls=244 1198 
* 15860
* 2684
-1 825
cfi=(108) ./stdio-common/_itoa.c
cfn=(406) _itoa_word
calls=75 165 
* 1973
* 2625
fi=(138)
943 225
+1 150
fe=(104)
1687 450
cfi=(107)
cfn=(404)
calls=75 1198 
* 80133
* 825
-27 44
+21 4
-21 28
+27 703
1574 732
+1 732
+69 3172
+43 1350
+1 150
-1 442
1579 732
+1 976
+15 1952
+3 976
+18 1220
+71 710
-43 732
+43 150

fl=(74)
fn=(258)
40 3
-2 1
+2 1
-2 2
+11 1

fl=(90)
fn=(338)
84 4
+1 3
+1 3
+2 1

fl=(114) ./malloc/arena.c
fn=(426) ptmalloc_init.part.0
289 5
+13 1
-8 1
+8 1
+6 3
fi=(112)
1795 4
+3 2
-3 3
+3 252
-3 378
+11 1
fe=(114)
313 2
fi=(112)
1807 1
fe=(114)
313 1
fi=(112)
1809 1
fe=(114)
313 2
cob=(1)
cfi=(101)
cfn=(389)
calls=1 72 
* 839
* 5
+1 4
cob=(1)
cfi=(8)
cfn=(26)
calls=1 +53 
* 19
* 1
+1 4
cob=(1)
cfi=(8)
cfn=(26)
calls=1 +52 
* 18
* 1
+1 4
cob=(1)
cfi=(8)
cfn=(26)
calls=1 +51 
* 19
* 1
+1 4
cob=(1)
cfi=(8)
cfn=(26)
calls=1 +50 
* 19
* 1
+1 4
cob=(1)
cfi=(8)
cfn=(26)
calls=1 +49 
* 18
* 1
+1 4
cob=(1)
cfi=(8)
cfn=(26)
calls=1 +48 
* 19
* 1
+1 4
cob=(1)
cfi=(8)
cfn=(26)
calls=1 +47 
* 19
* 1
+2 4
cob=(1)
cfi=(8)
cfn=(26)
calls=1 +45 
* 19
* 1
+1 4
cob=(1)
cfi=(8)
cfn=(26)
calls=1 +44 
* 19
* 1
+1 4
cob=(1)
cfi=(8)
cfn=(26)
calls=1 +43 
* 19
* 1
+3 4
cob=(1)
cfi=(8)
cfn=(26)
calls=1 +40 
* 19
* 1
+69 2
+1 2
+3 1
+1 6
-98 5
cfi=(115) ./elf/dl-addr.c
cfn=(428) _dl_addr
calls=1 126 
* 72477
* 2
+1 4

fl=(118) ./malloc/morecore.c
fn=(452) __default_morecore
46 2
+1 2
cfi=(119) ./misc/sbrk.c
cfn=(454) sbrk
calls=2 -15 
* 66
+2 6
+3 4

fl=(59)
fn=(210)
36 3
-2 1
+2 1
-2 2
fi=(60) ./string/../sysdeps/x86_64/multiarch/strncpy.c
-5 1
fe=(59)

fn=(218)
36 3
-2 1
+2 1
-2 2
fi=(63) ./string/../sysdeps/x86_64/multiarch/strcat.c
-5 1
fe=(59)

fn=(252)
36 3
-2 1
+2 1
-2 2
fi=(73) ./string/../sysdeps/x86_64/multiarch/strcpy.c
-5 1
fe=(59)

fn=(282)
36 3
-2 1
+2 1
-2 2
fi=(79) ./string/../sysdeps/x86_64/multiarch/stpncpy.c
-3 1
fe=(59)

fn=(286)
36 3
-2 1
+2 1
-2 2
fi=(80) ./string/../sysdeps/x86_64/multiarch/stpcpy.c
-1 1
fe=(59)

fl=(87) ./misc/init-misc.c
fn=(330) __init_misc
31 2
-1 4
+1 3
+2 3
cfi=(88) ./string/../sysdeps/x86_64/multiarch/strrchr-avx2.S
cfn=(334) __strrchr_avx2
calls=1 +10 
* 33
* 1
+4 5
+1 3
+2 4

fl=(128) ./stdlib/../stdlib/strtol.c
fn=(504) __strtol_internal
98 18
cfi=(129) ./stdlib/../stdlib/strtol_l.c
cfn=(506) ____strtol_l_internal
calls=6 226 
* 707

fl=(147) ./posix/../sysdeps/unix/sysv/linux/_exit.c
fn=(672) _Exit
27 1
+4 1
+2 2

fl=(124) ./stdio-common/vfscanf-internal.c
fn=(480) __vfscanf_internal
278 84
+10 6
-8 6
+8 12
+1 6
fi=(127) ./stdio-common/../include/scratch_buffer.h
78 6
fe=(124)
289 6
fi=(127)
77 12
fe=(124)
339 6
fi=(127)
77 6
fe=(124)
339 24
+6 19
+3 30
+4 12
+20 6
-13 6
+13 6
-13 6
+6 6
+2 24
+5 84
fi=(106)
47 18
fe=(124)
372 18
+9 6
-4 6
+4 18
-49 6
-49 6
+1 6
+9 6
-11 6
503 12
328 6
503 6
327 6
-1 6
-1 6
-12 6
503 6
-85 12
+23 24
+1 12
-61 18
3020 24
345 10
3030 90
fi=(127)
85 18
fe=(124)
3034 12
+17 12
+6 72
206 6
+16 6
+1 12
487 30
+44 66
+80 12
+4 12
+1 6
-1 6
+1 12
+1 18
+3 12
+1 42
+6 18
+3 12
-3 6
+3 24
-3 12
+4 30
+1 54
cfi=(109) ./libio/genops.c
cfn=(500) _IO_sputbackc
calls=6 +3 
* 108
+4 48
-9 12
cfi=(109)
cfn=(484) __uflow
calls=6 299 
* 1476
* 18
481 6
+22 24
+21 18
+4 6
+3 12
+75 6
+1 6
+4 6
-4 6
+10 18
1397 66
+5 18
+9 12
+26 30
1732 12
fi=(127)
113 36
fe=(124)
1739 84
260 22
1796 11
260 22
+3 33
1798 44
+2 99
-68 22
+2 34
+2 24
+67 12
206 6
1810 12
214 12
1811 12
+28 36
cfi=(109)
cfn=(500)
calls=6 635 
* 108
260 24
+3 18
1843 12
1668 6
206 6
1861 12
1668 12
1860 18
+1 6
cfi=(128)
cfn=(504)
calls=6 98 
* 725
* 6
+6 18
+3 24
+6 12
-4 12
+4 12
+23 6
381 12
1389 6
-1 6
+2 6
1741 24
1434 24
1812 2
+1 2
+65 12
+2 12
+1 18
+14 60

fl=(131)
fn=(530)
37 88
-5 308
+7 132
+8 616
+4 44
-4 88
+4 44
+1 44
+1 88
-1 44
+1 176
-2 44
+2 44
cfi=(132) ./libio/iogetline.c
cfn=(532) _IO_getline
calls=44 -19 
* 4708
+3 44
+1 44
-1 88
fi=(121) ./libio/libioP.h
885 440
fe=(131)
66 308
-10 88
+4 44
+3 176
fi=(121)
884 132
fe=(131)

fl=(143)
fn=(610)
30 16
+3 2
fi=(96)
+14 2
fe=(143)
-14 4
fi=(96)
+14 4
+4 2
fe=(143)
-15 6
+4 14
-4 6
+58 8
+4 14
-4 6
+12 4
+1 4
cfi=(144)
cfn=(614)
calls=2 -28 
* 32
+2 8
+1 16

fl=(69)
fn=(238)
41 3
-2 1
+2 1
-2 2
+14 1

fl=(89) ./ctype/ctype-info.c
fn=(336) __ctype_init
31 7
+2 4
+2 4
+1 1

fl=(136)
fn=(560)
33 60
+2 10
cfi=(137)
cfn=(564) __strlen_avx2
calls=10 +20 
* 150
* 10
+1 10
-1 10
+1 110
fi=(125) ./libio/../sysdeps/unix/sysv/linux/x86/lowlevellock.h
+11 20
fe=(136)
-11 10
+3 10
-3 10
+3 10
-3 10
+3 20
-1 20
+2 10
fi=(121)
941 30
+2 20
+1 20
fe=(136)
40 30
cfi=(107)
cfn=(404)
calls=10 1198 
* 650
* 20
+1 70
+1 40
fi=(121)
884 20
+1 100
fe=(136)
46 70

fl=(105)
fn=(400)
45 638
+2 638
+1 638
+1 638
+2 638
+1 638
+1 638
+4 638
+1 638
+1 638
+1 638
+1 638
+1 638
+1 638
184 638
+2 638
+7 638
+1 638

fl=(132)
fn=(534) _IO_getline_info
49 572
+2 88
+2 132
+2 176
+28 44
+2 220
cfi=(133) ./string/../sysdeps/x86_64/multiarch/memchr-avx2.S
cfn=(538) __memchr_avx2
calls=44 -42 
* 1332
* 44
* 44
+1 88
-29 132
+1 88
+31 44
+1 44
-2 88
+1 44
+1 88
+2 44
+2 88
+2 220
cfi=(122) ./string/../sysdeps/x86_64/multiarch/memmove-vec-unaligned-erms.S
cfn=(472) __memcpy_avx_unaligned_erms
calls=44 233 
* 472
* 44
+1 44
+1 44
-1 44
+10 352

fn=(532)
34 88
cfn=(534)
calls=44 +15 
* 4620

fl=(141) ./stdlib/cxa_thread_atexit_impl.c
fn=(596) __call_tls_dtors
145 3
+1 4
+18 4

fl=(61)
fn=(248)
32 4
fi=(72) ./string/../sysdeps/x86_64/multiarch/strncase.c
-1 1
fe=(61)

fn=(272)
32 4
fi=(78) ./string/../sysdeps/x86_64/multiarch/strcasecmp_l.c
-1 1
fe=(61)

fn=(214)
32 4
fi=(62) ./string/../sysdeps/x86_64/multiarch/strcasecmp.c
-1 1
fe=(61)

fn=(296)
32 4
fi=(83) ./string/../sysdeps/x86_64/multiarch/strncase_l.c
-1 1
fe=(61)

fl=(123)
fn=(478)
25 72
+4 6
+1 12
-1 12
+1 6
-1 6
+1 6
-1 6
+1 6
-1 6
+1 6
cfi=(124)
cfn=(480)
calls=6 278 
* 4873
+4 30

fl=(65)
fn=(242)
32 6
-2 10
fi=(162) ./wcsmbs/../sysdeps/x86_64/multiarch/wcschr.c
+1 2
fe=(65)

fn=(226)
32 6
-2 10
fi=(163) ./wcsmbs/../sysdeps/x86_64/multiarch/wmemchr.c
+1 2
fe=(65)

fn=(278)
32 3
-2 5
fi=(164) ./wcsmbs/../sysdeps/x86_64/multiarch/wcslen.c
-1 1
fe=(65)

fn=(228)
32 3
-2 6

fl=(108)
fn=(406)
165 75
+3 300
+2 150
+9 1298
+9 150

fl=(112)
fn=(458) alloc_perturb
1868 2853
+2 951

fn=(448) _int_malloc
3513 6657
1208 1902
+2 4755
3553 8
+24 8
+61 949
+2 949
-2 949
+2 1898
4147 8559
1210 1894
3553 1894
4131 1894
3577 1894
+58 8
+62 67
+1 6
3577 8
1210 8
3582 8
+2 8
-2 1886
+2 1886
+5 5670
4133 1898
3637 949
4133 12337
3718 949
-1 949
-1 949
+1 1898
+1 1900
-1 2
-1 2
+1 4
+1 4
-2 1900
+6 950
+6 950
+67 2850
-67 2850
-6 1
+6 1
+67 3
-67 3
3917 1902
+2 6
+3 2
-3 2
+3 4
+68 1902
+1 951
+1 951
-1 951
+3 951
-2 951
+2 951
-1 1902
+1 951
+5 1902
+7 11388
-3 11394
4103 951
+1 1902
+2 1902
+3 2854
+17 3
3638 6
4141 4
cfn=(450) sysmalloc
calls=1 2255 
* 227
* 1
+1 2
-22 2853
cfn=(458)
calls=951 1868 
* 3804
+1 951
-7 950
-3 950
+1 950
-1 950
+3 950
-1 950
+1 950
+2 950
-2 4750
+2 950
+3 1900

fn=(420)
3031 950
-8 3800
+8 950
+1 1900
1208 1898
+2 3796
3044 3796
+3 1898
+9 2847
+2 2847
cfn=(448)
calls=949 3513 
* 142332
* 949
+1 6643
+23 4745
1210 945
3042 2835
+7 2847
-16 1
+49 3
-49 1
cfi=(113) ./malloc/hooks.c
cfn=(422) malloc_hook_ini
calls=1 30 
* 74938

fn=(421) malloc'2
3031 1
-8 4
+8 1
+1 2
1208 2
+2 4
3044 4
+12 3
+2 3
cfn=(448)
calls=1 3513 
* 145
* 1
+1 7
+23 5
1210 1
3042 3
-64 4
cfn=(444) tcache_init.part.0
calls=1 +3 
* 472
+69 2

fn=(444)
2981 1
-9 1
+9 6
fi=(117) ./malloc/../sysdeps/unix/sysv/linux/x86/lowlevellock.h
47 2
fe=(112)
2982 3
cfn=(448)
calls=1 3513 
* 358
* 1
+1 2
+8 4
+7 2
+2 1
+1 2
-1 1
+1 86
+3 2

fn=(450)
2255 8
+20 2
+11 2
+1 5
fi=(114)
536 3
fe=(112)
2302 4
+66 1
+1 3
+1 1
+9 4
+6 3
+3 3
2705 2
+1 1
+5 2
+3 2
+5 1
-2 1
+5 1
-6 1
+3 2
-1 1
+1 2
+1 1
-1 2
+1 1
+8 9
2379 5
-77 2
2449 2
+11 1
+8 2
+2 5
cfi=(118)
cfn=(452)
calls=1 46 
* 55
+4 3
-4 1
+4 1
+3 2
+1 2
+48 1
-2 2
+2 1
-2 2
+2 1
+6 2
-7 2
2662 1
-1 1
-1 1
+1 2
+1 1
-1 1
+1 1
+11 2
2535 4
+40 3
+22 2
+1 5
+2 1
+1 5
cfi=(118)
cfn=(452)
calls=1 46 
* 25
+12 3
-12 1
+12 1
+8 2
+1 2
+1 3

fl=(129)
fn=(506)
226 12
+54 6
-54 24
+19 6
-19 24
+26 12
+31 24
+9 36
+2 12
+5 12
+5 6
-6 6
+7 18
+3 18
+10 12
+10 24
-82 12
434 24
310 6
450 6
+10 18
-10 6
+10 6
+12 12
-5 11
+5 11
+1 33
-41 22
+2 32
+2 33
+28 33
+3 22
+11 12
+5 18
+1 6
+5 12
325 12
492 18
-2 12
+17 30
+18 48

fl=(94)
fn=(352)
137 10
+4 1
-4 3
+4 3
+96 2
+1 3
cfi=(95)
cfn=(354)
calls=1 70 
* 72
+22 4
+3 2
+1 5
cob=(5)
cfi=(93)
cfn=(362)
calls=1 0 
* 50
+4 4
+15 2
+12 2
cfi=(97) ./setjmp/../sysdeps/x86_64/bsd-_setjmp.S
cfn=(374) _setjmp
calls=1 30 
* 28
+1 2
+5 2
+1 2
+3 2
+3 6
cob=(5)
cfi=(100)
cfn=(380)
calls=1 704 
* 1247731
* 1
+34 1
cfi=(140) ./stdlib/exit.c
cfn=(592) exit
calls=1 138 
* 1440

fl=(107)
fn=(496) _IO_file_read
1132 257
+2 257
-1 257
+1 514
cfi=(126) ./io/../sysdeps/unix/sysv/linux/read.c
cfn=(498) read
calls=257 26 
* 1799

fn=(408) _IO_file_overflow@@GLIBC_2.2.5
732 8
+1 6
+7 10
+37 1
-2 4
-32 2
+12 2
+9 3
+5 3
+2 2
-5 1
+5 1
+1 1
-5 1
+1 1
+4 4
+5 2
+11 2
-12 2
+12 4
-11 2
-1 2
cfn=(462) _IO_do_write@@GLIBC_2.2.5
calls=2 426 
* 117
-31 2
cfi=(109)
cfn=(410) _IO_doallocbuf
calls=1 344 
* 75068
+1 1
+9 1
-9 4

fn=(654) new_do_write
432 1
fi=(121)
943 1
fe=(107)
432 2
fi=(121)
941 1
fe=(107)
432 1
fi=(121)
941 1
fe=(107)
432 1
fi=(121)
941 1
fe=(107)
432 5
+12 1
fi=(121)
943 2
fe=(107)
434 2
fi=(121)
944 2
fe=(107)
449 4
cfn=(658) _IO_file_write@@GLIBC_2.2.5
calls=1 1174 
* 44
+1 1
-1 1
+1 4
+2 1
+4 1
-4 3
+1 2
+3 3
-2 1
+4 9
-17 4
+14 3

fn=(404)
1198 2901
+7 967
-7 3868
+6 3230
+9 1296
-2 2592
+17 1944
+1 647
+3 647
-3 647
+3 1294
+2 647
+2 647
+2 1941
-2 647
cfi=(122)
cfn=(470) __mempcpy_avx_unaligned_erms
calls=647 220 
* 10751
* 647
+1 647
+1 647
-2 647
+4 1294
+27 1294
+1 8703
-36 1
+12 1
fi=(121)
941 3
+2 2
+1 2
fe=(107)
1244 3
cfn=(408)
calls=1 732 
* 75121
* 2
+6 2
+1 7
+2 2
+11 3
+1 4
cfi=(109)
cfn=(464) _IO_default_xsputn
calls=1 371 
* 57
+2 3

fn=(462)
426 5
+1 1
-3 2
+2 1
cfn=(654)
calls=1 +6 
* 102
* 1
+1 1
-1 3
+1 1

fn=(488) _IO_file_underflow@@GLIBC_2.2.5
466 771
-4 2056
+7 514
+6 771
+3 514
+12 512
+7 2827
fi=(125)
47 257
fe=(107)
497 514
fi=(125)
47 257
fe=(107)
499 257
-2 257
+2 257
-2 257
+2 257
fi=(121)
941 514
fe=(107)
499 257
-2 257
fi=(121)
941 257
+2 257
-2 257
fe=(107)
499 514
fi=(121)
884 514
+1 2827
fe=(107)
506 514
cfi=(109)
cfn=(494) _IO_switch_to_get_mode
calls=257 164 
* 6168
+11 257
-5 257
fi=(121)
943 257
fe=(107)
512 257
fi=(121)
943 257
fe=(107)
512 257
+1 257
+2 257
-1 514
fi=(121)
944 514
fe=(107)
517 1028
cfn=(496)
calls=257 1132 
* 3084
+2 514
+16 257
-9 257
+9 514
+2 514
+1 2056
-57 3
+5 2
cfi=(109)
cfn=(410)
calls=1 344 
* 324
+4 3

fn=(414) _IO_file_stat
1147 2
+1 6
cfi=(111) ./io/../sysdeps/unix/sysv/linux/wordsize-64/fxstat.c
cfn=(416) _fxstat
calls=2 33 
* 20

fn=(658)
1174 6
+2 6
+5 1
cfi=(146)
cfn=(660)
calls=1 26 
* 8
+1 2
+5 1
+1 1
-12 2
+4 3
+1 2
+10 3
+3 6
-4 3

fn=(670) _IO_file_sync@@GLIBC_2.2.5
793 8
+5 8
+2 2
+1 4
+11 4
+4 8

fn=(666) _IO_file_setbuf@@GLIBC_2.2.5
382 4
+1 2
cfi=(109)
cfn=(668) _IO_default_setbuf
calls=2 +69 
* 134
* 4
+4 4
-1 4
+2 6
+2 2
+1 4

fl=(130)
fn=(520)
34 5148
+3 2574
+1 6969
+5 5933
-5 251
cfi=(109)
cfn=(484)
calls=251 299 
* 47941

fl=(97)
fn=(374)
30 1
+2 1
cfi=(98) ./setjmp/../sysdeps/x86_64/setjmp.S
cfn=(376) __sigsetjmp
calls=1 * 
* 26

fl=(110) ./libio/filedoalloc.c
fn=(412) _IO_file_doallocate
78 16
+6 8
fi=(121)
941 6
+2 4
+1 4
fe=(110)
84 6
cfi=(107)
cfn=(414)
calls=2 1147 
* 28
* 4
+2 8
+11 8
+4 4
cob=(2)
cfi=(17)
cfn=(418)
calls=2 0 
* 75148
* 2
+1 4
+2 8
cfi=(109)
cfn=(460) _IO_setb
calls=2 329 
* 54
+1 2
+1 16
-15 1
fi=(165) ./libio/../include/sys/sysmacros.h
-44 6
fe=(110)
+44 1
-2 2
+5 2

fl=(122)
fn=(470)
220 647
+1 647
+1 647
+17 647
+1 647
+58 647
+1 647
+2 647
+1 647
+1 642
+1 642
+1 398
+1 398
+1 387
+1 387
+1 387
+2 387
+22 5
+1 5
+1 5
+1 5
+1 5
+3 244
+1 244
+1 244
+1 244
+1 244
+3 11
+1 11
+1 11
+1 11
+1 11

fn=(472)
233 44
+6 44
+1 44
+58 44
+1 44
+2 16
+1 16
+23 28
+1 28
+1 28
+1 28
+1 28
+4 16
+1 16
+1 16
+1 16
+1 16

fl=(126)
fn=(498)
26 1542
+1 257

fl=(88)
fn=(334)
43 1
+1 1
+2 1
+1 1
+3 1
+1 1
+1 1
+33 1
+1 1
+1 1
+1 1
+1 1
+1 1
+1 1
+1 1
+1 1
+1 1
+3 1
+1 1
+9 1
+1 1
+99 1
+1 1
+8 1
+1 1
+1 1
+1 1
+1 1
+2 1
+1 1
+1 1
+1 1
+1 1

fl=(103)
fn=(394)
28 3828
+4 319
+1 638
-1 638
+1 319
-1 319
+1 319
-1 319
+1 319
-1 319
+1 319
cfi=(104)
cfn=(396)
calls=319 1289 
* 239132
+4 1595

fl=(98)
fn=(376)
32 1
+9 1
+1 2
+1 1
+4 1
+1 1
+1 1
+1 1
+1 1
+2 2
+2 1
+1 1
+3 2
+2 1
+23 1
cfi=(99)
cfn=(378)
calls=1 -56 
* 8

fl=(111)
fn=(416)
33 6
+1 4
+1 8
+4 2

fl=(119)
fn=(454)
32 4
+8 2
-8 4
+8 9
+4 4
+4 4
+12 5
-19 2
cfi=(120) ./misc/../sysdeps/unix/sysv/linux/x86_64/brk.c
cfn=(456) brk
calls=1 -10 
* 10
* 2
+4 2
+11 1
cfi=(120)
cfn=(456)
calls=1 -25 
* 10
* 2
+4 5

fl=(77)
fn=(266)
40 3
-2 1
+2 1
-2 2
+11 1

fl=(115)
fn=(428)
126 2
+2 1
-2 8
+5 1
-5 1
+5 2
cob=(1)
cfi=(2)
cfn=(52)
calls=1 841 
* 2
+2 2
cob=(1)
cfi=(101)
cfn=(389)
calls=1 -61 
* 923
* 5
+2 3
30 1
+1 1
-1 1
+1 1
+3 2
+5 1
+6 1
-7 1
+2 3
+2 3
+3 2
+4 5
-5 4
+5 4043
+2 1010
+1 2020
-1 1
+1 2
+2 2757
+10 9308
+1 14980
+5 7074
-10 7074
+1 14148
+2 7043
+37 2
+1 1
+1 3
+3 2
+36 2
cob=(1)
cfi=(2)
cfn=(54)
calls=1 847 
* 2
+3 9
-79 2016
+52 1
+21 1
-20 2

fl=(66)
fn=(232)
34 1
-1 2
+1 1
-2 2
+2 3
+1 2
fi=(67) ./string/../sysdeps/x86_64/multiarch/memcmp.c
-6 1
fe=(66)

fl=(70)
fn=(240)
42 10
+4 4
-1 4
+6 4
+6 4
+2 10

fl=(120)
fn=(456)
31 12
+2 4
+6 2
+1 2

fl=(133)
fn=(538)
43 44
+1 44
+2 44
+2 44
+9 44
+3 44
+1 44
+1 44
+32 44
+1 44
+1 44
+1 44
+2 44
+1 44
+1 44
+1 16
+3 16
+1 16
+2 16
+1 16
+1 16
+1 16
+8 28
+1 28
+3 28
+1 28
+3 28
+3 28
+1 28
+69 28
+1 28
+31 28
+1 28
+1 28
+1 28
+2 28
+14 28
+2 28
+1 28
+1 28
+1 28
+1 28

fl=(139)
fn=(582)
82 71
+1 71
+1 71
+6 71
+2 71
+1 71
+2 71
+1 71
+1 71
+1 71
+1 71
+2 71
+1 71
+1 71
+1 71
+1 71
+1 71
+1 71
+1 71
+4 71
+1 71
+13 71
+1 71
+1 71
+2 71
+1 71

fl=(91)
fn=(342) handle_intel.constprop.0
259 21
+2 9
+3 6
+8 6
+3 6
-2 3
+2 3
-5 6
+11 15
+5 6
+2 3
+1 3
-1 3
+5 12
cfn=(344) intel_check_word.constprop.0
calls=3 132 
* 993
+2 6
+3 15
cfn=(344)
calls=3 132 
* 317
+2 6
+19 33

fn=(344)
132 18
-4 24
+10 18
-10 6
+10 24
+2 12
+68 18
+3 36
-71 24
+2 15
+2 30
+8 30
+51 24
+22 12
fi=(92) ./string/../bits/stdlib-bsearch.h
28 12
-1 24
+8 66
-6 162
+2 162
+1 81
fe=(91)
+87 162
+3 81
fi=(92)
-85 30
fe=(91)
+97 3
255 24
-91 9
+3 9
-6 3
+3 6
+9 6
+1 6
+22 5
-32 15
+3 15
+4 16
+2 32
+2 14
+1 4
+5 3
+2 6
+2 3
+2 3
+1 3
-2 3
-1 3
+2 6
-2 3
+3 3
-2 9
+2 9
-11 10
+1 6
+1 2

fn=(340)
488 7
+14 2
769 1
+13 1
502 2
772 2
+2 1
+1 1
+2 1
-3 1
+5 1
-5 1
+4 3
+4 2
+3 2
+2 1
+1 1
+2 1
-3 1
+5 1
-5 1
+4 3
+15 1
+2 6
-2 1
+3 8
500 1
+4 1
-4 1
+4 1
cfn=(342)
calls=1 259 
* 457
+2 1
-2 1
+2 1
cfn=(342)
calls=1 259 
* 495
+5 1
-5 1
+5 1
cfn=(342)
calls=1 259 
* 520
* 1
+8 2
-9 1
+20 1
+5 2
+4 2
+8 6
+3 4
+6 2
-6 9
+6 6
+3 26
+14 2
+4 1
+3 1
+1 1
-4 1
+3 1
-3 1
+3 1
+6 4
-39 6
691 4
+1 5
+4 2
+73 2
564 2
+4 1
+1 1
-1 2
+1 1
+23 2
+8 2
+2 1
-2 6
+2 4
-2 1
+4 1
+23 2
-25 2
+2 6
+2 6
+3 2
+1 8
+2 4
+3 2
+5 1
+2 2
+1 1
+1 1
-2 2
+1 1
+1 1
+27 2
+1 2
+2 1
-1 1
+1 1
-24 2
-7 1
+11 2
+3 1
+2 4
+1 1
+5 2

fl=(137)
fn=(574)
45 244
+1 244
+7 244
+2 244
+1 244
+1 244
+3 244
+1 244
+1 244
+32 244
+1 244
+1 244
+1 244
+2 244
+1 244
+1 244
+1 244
+3 244
+1 244
320 244
+4 244
+1 244

fn=(564)
55 10
+1 10
+1 10
+3 10
+1 10
+1 10
+3 10
+1 10
+1 10
+8 10
335 10
+1 10
+1 10
+4 10
+1 10

fl=(135)
fn=(552)
168 15
+5 5
+1 5
+1 5
+1 5
+8 5
+1 5
+3 5
+1 5
+10 5
+1 5
+1 5
+1 5
+1 5
+1 5
+1 5
+1 5
+1 5
+1 5
+1 5
+1 5
+1 5
+1 5
+2 10
+1 10
+1 10
+1 10
+1 10
+1 10
+1 10
+1 5
+1 5

fl=(140)
fn=(594) __run_exit_handlers
40 10
+5 3
+11 3
fi=(96)
-9 1
fe=(140)
+9 3
fi=(96)
-9 1
fe=(140)
+9 2
fi=(96)
-9 2
fe=(140)
+12 2
+2 5
+51 1
fi=(96)
-65 1
fe=(140)
+65 2
fi=(96)
-65 1
fe=(140)
+67 2
-44 6
+2 1
+1 1
-1 1
+4 4
+1 8
+29 1
+2 1
-5 1
+5 1
-2 2
+2 1
cob=(1)
cfi=(142)
cfn=(600)
calls=1 -78 
* 697
+1 1
+11 2
+1 2
+5 5
-61 1
+1 4
+63 2
+1 6
cfi=(109)
cfn=(646) _IO_cleanup
calls=1 863 
* 626
* 3
+2 2
cfi=(147)
cfn=(672)
calls=1 27 
* 4
-86 1
cfi=(141)
cfn=(596)
calls=1 +99 
* 11
* 1

fn=(592)
138 1
+1 4
cfn=(594)
calls=1 -99 
* 1435

fl=(81)
fn=(290)
34 1
-1 2
+1 1
-2 2
+2 3
+1 2
fi=(82) ./wcsmbs/../sysdeps/x86_64/multiarch/wmemcmp.c
-6 1
fe=(81)

fl=(76)
fn=(262)
37 5
+6 1

fl=(86)
fn=(328)
52 3
+3 3
+14 1
+8 1
-10 1
+1 1
+1 1
+8 1
cfi=(87)
cfn=(330)
calls=1 -46 
* 58
+8 2
-5 1
cfi=(89)
cfn=(336)
calls=1 -49 
* 16
-18 1
-7 1
+7 4

fl=(109)
fn=(486) _IO_default_uflow
361 257
fi=(121)
941 514
fe=(109)
361 257
fi=(121)
941 257
fe=(109)
361 514
+1 257
fi=(121)
943 514
+1 514
fe=(109)
362 514
cfi=(107)
cfn=(488)
calls=257 466 
* 34254
+1 514
+2 1028
+1 1028

fn=(500)
635 48
+3 36
+1 24
+9 12
+3 48
-10 24
+1 12
+5 12

fn=(410)
344 4
-1 6
+3 8
+1 2
fi=(121)
941 6
+2 4
+1 4
fe=(109)
347 4
cfi=(110)
cfn=(412)
calls=2 78 
* 75342
* 4
+3 8

fn=(646)
863 1
+3 1
-3 9
+3 1
cfn=(648) _IO_flush_all_lockp
calls=1 686 
* 258
-80 1
+80 1
-80 2
+1 6
fi=(125)
47 2
fe=(109)
787 2
+3 1
-3 2
+3 2
fi=(121)
941 4
fe=(109)
807 2
+31 3
-48 9
+9 9
+2 6
+6 16
fi=(125)
47 4
fe=(109)
807 4
+8 10
+9 2
fi=(121)
943 4
+1 4
fe=(109)
824 8
cfi=(107)
cfn=(666)
calls=2 382 
* 164
+2 6
+4 10
+1 20
+11 10
+1 2
+35 12
-92 4
+31 4
+2 2
+1 2
-1 2
+2 6
-14 8

fn=(648)
686 8
+5 6
+1 6
fi=(125)
47 2
fe=(109)
692 2
+3 1
-8 1
+5 2
+3 2
fi=(121)
941 3
fe=(109)
699 2
+7 1
fi=(121)
943 2
+1 2
fe=(109)
706 3
cfi=(107)
cfn=(408)
calls=1 +26 
* 136
+1 3
+2 6
+2 3
-16 9
+2 3
+1 6
+3 20
+14 10
+1 3
+4 12
-29 4

fn=(668)
452 2
fi=(121)
941 2
fe=(109)
452 8
fi=(121)
941 2
fe=(109)
452 2
fi=(121)
941 2
fe=(109)
452 4
+1 2
fi=(121)
943 4
+1 4
fe=(109)
453 4
cfi=(107)
cfn=(670)
calls=2 793 
* 34
* 4
+4 2
330 2
462 2
-7 4
337 2
-5 2
467 2
333 2
+4 2
465 6
+1 6
+2 12
-11 2
+1 4
-1 2
330 8

fn=(460)
329 18
+1 8
+5 4
-3 2
+3 4
-2 2
+2 4
+3 12

fn=(484)
299 1028
+1 771
+5 514
+3 771
+2 514
+6 514
+7 257
fi=(121)
941 771
+2 514
+1 514
fe=(109)
323 257
+1 257
-1 257
+1 514
-1 257
cfn=(486)
calls=257 +38 
* 40422
-23 514
+21 771

fn=(464)
371 9
+3 2
fi=(121)
941 7
fe=(109)
389 2
+8 1
+2 2
-20 4
+2 1
+1 2
+2 2
+19 1
+1 8
fi=(121)
947 2
fe=(109)
394 2
-1 3
+1 2
-1 3
+1 4

fn=(494)
164 1028
+1 771
+3 771
+4 514
+1 514
+7 257
-4 257
+4 257
-2 514
+3 257
+1 1028

fl=(58)
fn=(230)
45 3
-1 2
+5 2
-1 2
+12 2
+2 5

fn=(208)
45 6
-1 4
+5 4
-1 4
+12 4
+2 10

fn=(256)
45 3
-1 2
+5 2
-1 2
+12 2
+2 5

fl=(113)
fn=(422)
30 1
-1 2
+1 1
fi=(114)
291 4
cfn=(426)
calls=1 -2 
* 74263
fe=(113)
32 1
+1 1
-1 1
cfi=(112)
cfn=(421)
calls=1 3031 
* 664

totals: 1357039
