# callgrind format
version: 1
creator: callgrind-3.16.1
pid: 3520
cmd:  ./main
part: 1


desc: I1 cache: 
desc: D1 cache: 
desc: LL cache: 

desc: Timerange: Basic block 0 - 5545069
desc: Trigger: Program termination

positions: line
events: Ir
summary: 25783878


ob=(1) /lib/x86_64-linux-gnu/ld-2.31.so
fl=(46) ./io/../sysdeps/unix/sysv/linux/access.c
fn=(146) access
27 7
+4 1

fl=(38) ./io/../sysdeps/unix/sysv/linux/open64_nocancel.c
fn=(126) __open_nocancel
37 11
-3 33
+3 66
+8 77
+2 3
-2 24
+2 8

fl=(32) ./elf/dl-debug.c
fn=(100) _dl_debug_state
74 2

fn=(96) _dl_debug_initialize
49 8
+5 6
+5 2
-1 1
+1 2
+1 2
-1 1
+5 1
-14 4
+4 8
+3 1
+1 5

fl=(2) ./elf/rtld.c
fn=(118) map_doit
642 1
+2 1
-2 1
+2 1
+1 2
-1 2
+1 3
cfi=(26) ./elf/dl-load.c
cfn=(120) _dl_map_object
calls=1 1927 
* 2448
* 1
+2 2

fn=(178) version_check_doit
675 2
+2 4
cfi=(56) ./elf/dl-version.c
cfn=(180) _dl_check_all_versions
calls=1 362 
* 2829
* 2
+4 2

fn=(102) handle_preload_list
897 7
+5 5
-4 1
+10 2
+7 1
201 1
917 2
201 2
919 2
+1 4
cfn=(106) do_preload
calls=1 807 
* 2567
* 1
-18 2
+3 3
cfi=(34) ./string/../sysdeps/x86_64/strcspn.S
cfn=(104) strcspn
calls=1 30 
* 271
* 1
+1 3
+2 4
cfi=(19) ./string/../sysdeps/x86_64/multiarch/memmove-vec-unaligned-erms.S
cfn=(46) memcpy
calls=1 135 
* 26
+1 2
+14 9

fn=(52) rtld_lock_default_lock_recursive
841 5
+1 5

fn=(2) _dl_start
499 9
67 3
fi=(5) ./elf/../sysdeps/x86_64/dl-machine.h
-8 1
fe=(2)
+8 1
fi=(3) ./elf/get-dynamic-info.h
-19 1
fi=(5)
+11 2
fe=(2)
543 1
-3 1
fi=(3)
48 2
+15 1
+5 1
+3 1
+1 1
+1 1
-4 1
-2 1
-3 2
-1 20
+1 12
-16 4
+26 4
-26 9
+26 1
-26 2
+2 36
+17 13
-19 13
+26 13
-26 26
+33 2
+20 4
+1 4
+1 4
+1 4
+2 4
+5 4
+1 4
+1 4
+5 3
+5 2
+7 3
+1 3
+8 3
+3 3
+4 2
+1 2
fe=(2)
554 2
+7 1
67 1
466 1
67 3
466 1
cfi=(6) ./elf/dl-lookup.c
cfn=(10) _dl_setup_hash
calls=1 964 
* 23
+1 1
+18 2
-18 1
+1 2
+1 2
+1 2
+9 1
+6 1
cfi=(7) ./elf/../elf/dl-sysdep.c
cfn=(12) _dl_sysdep_start
calls=1 89 
* 104595
* 1
+2 2
+99 9
fi=(3)
65 5
+3 4
fe=(2)
559 7
fi=(4) ./elf/do-rel.h
46 1
fe=(2)
559 3
fi=(4)
86 3
fe=(2)
559 4
fi=(4)
47 1
fe=(2)
559 3
fi=(4)
47 3
+37 1
-1 1
+28 3
+1 2
fi=(5)
547 2
fi=(4)
112 86
fi=(5)
547 86
+1 44
fi=(4)
111 44
fi=(5)
548 88
fi=(4)
111 88
+5 2
fi=(5)
427 1
fi=(4)
124 2
fi=(5)
339 18
fi=(4)
124 27
+12 9
+3 9
-3 9
fi=(5)
301 9
fi=(4)
139 9
-3 9
+1 18
fi=(5)
301 18
+8 90
+3 18
+27 45
fi=(3)
71 4
+1 2
+1 2
fi=(5)
359 18
+1 9
fe=(2)

fn=(32) dl_main
1127 1
+15 1
-15 4
2706 1
1127 6
+15 1
+4 2
+1 2
+5 2
2554 1
1127 1
2554 1
+7 1
1127 1
2561 2
1127 1
215 1
2561 1
216 1
2561 1
217 1
2561 1
-4 1
-1 2
+7 2
cfi=(15) ./elf/dl-environ.c
cfn=(34) _dl_next_ld_env_entry
calls=1 29 
* 26
* 4
cfi=(15)
cfn=(34)
calls=2 29 
* 122
* 9
+4 6
-2 2
+2 6
+1 2
-1 6
+1 17
-1 89
+9 12
2725 3
+32 3
1162 4
2652 3
+1 3
-56 2
+7 2
1370 7
cfi=(16) ./elf/dl-object.c
cfn=(36) _dl_new_object
calls=1 59 
* 291
* 1
+2 2
+1 1
+1 1
+5 2
-5 1
+1 3
+4 1
cfi=(16)
cfn=(50) _dl_add_to_namespace_list
calls=1 31 
* 32
+1 2
1136 1
1409 1
-3 1
-5 1
+8 1
-7 1
+2 1
+5 4
+56 1
1133 1
1465 2
-37 1
+22 1
+15 2
-55 99
+95 2
+1 2
+1 1
-98 21
1518 1
+3 1
+2 1
-5 2
+3 2
+2 2
+2 2
+13 3
+3 1
-2 1
+2 1
-2 2
+2 1
-2 2
cfi=(21) ./string/../sysdeps/x86_64/strcmp.S
cfn=(56) strcmp
calls=1 144 
* 24
* 2
+10 1
-3 1
-2 1
+3 1
+2 2
+1 2
+4 2
+2 2
fi=(3)
33 1
+9 2
+6 1
-2 1
+2 2
+15 1
+5 1
+3 1
-2 1
-2 1
-3 2
-1 24
+1 15
-16 5
+26 5
-26 11
+26 1
-26 2
+2 50
+17 19
-19 19
+26 19
-26 38
+33 3
+20 3
+1 4
+1 4
+1 4
+2 4
+5 4
+1 4
+1 4
+5 3
+5 2
+7 2
+1 3
+18 3
+14 3
+2 3
+1 2
+9 2
+5 2
+3 2
fe=(2)
1561 2
cfi=(6)
cfn=(10)
calls=1 964 
* 23
+3 2
fi=(22) ./elf/./setup-vdso.h
24 2
fi=(24) ./elf/../sysdeps/unix/sysv/linux/dl-vdso-setup.h
+21 1
fe=(2)
1589 2
cfi=(10) ./elf/../sysdeps/unix/sysv/linux/dl-sysdep.c
cfn=(66) _dl_discover_osversion
calls=1 46 
* 99
* 8
1414 1
-5 1
+5 2
-5 2
+29 1
-9 1
+27 1
-27 1
+2 1
-3 1
+10 2
-19 1
-10 1
+10 2
-10 2
+56 4
-1 4
+1 8
-1 4
+2 8
+1 1
+3 2
+1 2
-1 6
+1 6
+1 4
+1 10
-64 1
+65 1
-65 2
+92 1
-92 1
+92 1
-92 2
fi=(3)
65 5
+3 4
+3 4
+1 2
+1 2
fi=(23) ./elf/../sysdeps/unix/sysv/linux/dl-vdso.h
-33 1
+1 2
fe=(2)
1594 2
cfi=(26)
cfn=(70) _dl_init_paths
calls=1 681 
* 1841
+3 3
cfi=(32)
cfn=(96)
calls=1 49 
* 17
+7 1
-7 1
+2 1
+5 1
+4 1
+3 1
-3 3
+1 2
+3 1
+5 1
-7 1
+7 1
+18 2
+1 2
+5 1
-3 2
+2 1
+1 2
+5 3
+1 5
-1 2
+9 2
+6 2
1137 1
1660 1
+25 1
cfi=(33) ./elf/../elf/dl-tls.c
cfn=(98) _dl_count_modids
calls=1 169 
* 5
* 1
+8 3
+3 2
+4 3
+5 2
+1 1
cfi=(32)
cfn=(100)
calls=1 74 
* 1
+5 3
+16 3
+2 1
+2 2
+8 2
+15 3
cfi=(46)
cfn=(146)
calls=1 27 
* 8
* 2
+76 4
67 1
1850 1
67 2
1850 1
67 1
1850 6
cfi=(47) ./elf/dl-deps.c
cfn=(148) _dl_map_object_deps
calls=1 159 
* 7545
74 1
1855 1
74 2
+9 2
1855 2
+1 6
-1 4
+1 6
-1 12
+4 3
+1 3
+1 1
+2 2
+1 5
-1 9
+1 6
+12 1
+1 1
-1 2
+1 2
+2 1
+2 3
+2 1
-4 1
+5 1
-1 2
+14 2
+1 2
+1 3
+11 1
+1 1
-1 1
+2 4
-2 3
+2 1
cfi=(35) ./elf/dl-error-skeleton.c
cfn=(176) _dl_receive_error
calls=1 238 
* 2855
+10 1
+1 1
-1 1
+1 1
+3 2
856 1
fi=(149) ./elf/../sysdeps/unix/sysv/linux/dl-osinfo.h
64 2
fe=(2)
858 1
fi=(149)
77 1
fe=(2)
867 1
+7 1
-5 1
1931 3
2161 3
2604 4
+2 2
+1 1
1618 6
-11 4
fi=(24)
30 5
+3 1
+3 1
+3 1
fi=(23)
+16 2
fe=(2)
1649 2
+1 2
+1 1
2230 1
-13 1
+4 1
+6 1
-10 1
+10 1
-6 1
+9 2
+54 3
+3 1
67 2
2291 1
67 2
2292 20
+2 8
+5 8
+2 8
+6 4
+2 8
+1 24
cfi=(57) ./elf/dl-reloc.c
cfn=(192) _dl_relocate_object
calls=3 167 
* 70720
+4 10
+1 3
cfi=(33)
cfn=(302) _dl_add_to_slotinfo
calls=1 944 
* 27
* 1
-12 1
+1 1
-3 3
74 3
+1 1
2323 1
75 1
2323 1
+2 1
+3 4
+2 1
+7 3
cfi=(33)
cfn=(304) _dl_allocate_tls_init
calls=1 494 
* 131
+3 2
+9 3
+2 4
67 1
2364 1
+1 3
67 3
2365 2
cfi=(57)
cfn=(192)
calls=1 167 
* 6484
74 3
+9 2
2375 1
cfi=(7)
cfn=(306) _dl_sysdep_start_cleanup
calls=1 259 
* 1
+4 3
+21 3
cfi=(32)
cfn=(96)
calls=1 49 
* 8
+1 1
+1 1
cfi=(32)
cfn=(100)
calls=1 74 
* 1
+5 1
cfi=(49) ./elf/dl-cache.c
cfn=(308) _dl_unload_cache
calls=1 349 
* 15
+5 8
1874 2
2653 2
+2 2
+1 1
1924 2
cfn=(184) init_tls
calls=1 735 
* 646
* 2
67 1
1735 1
67 2
1735 1
67 1
1735 2
cfn=(102)
calls=1 897 
* 2916
* 1
74 3
+9 3
1834 5
+1 1
-1 2
+4 3
+1 1
+1 2
+1 2
-7 2

fn=(106)
807 1
+12 1
-12 5
+10 1
-4 1
+6 2
-5 1
+5 2
-10 1
+6 1
+4 1
cfi=(35)
cfn=(110) _dl_catch_error
calls=1 225 
* 2538
* 1
+1 3
+8 3
+6 5

fn=(54) rtld_lock_default_unlock_recursive
847 5
+1 5

fn=(184)
735 3
+2 1
+4 1
-4 1
+4 2
+11 1
-1 3
cfi=(18) ./elf/dl-minimal.c
cfn=(40) calloc
calls=1 92 
* 33
* 1
-4 1
+15 1
-12 1
+6 1
-9 1
+11 1
+4 1
+2 3
-1 3
+3 1
+4 1
-4 4
+4 3
-4 3
+4 1
+2 1
-2 1
+4 2
-9 1
-1 2
+1 3
-1 6
+10 2
+3 2
cfi=(33)
cfn=(186) _dl_tls_static_surplus_init
calls=1 69 
* 73
+3 1
cfi=(33)
cfn=(188) _dl_determine_tlsoffset
calls=1 191 
* 73
+7 1
cfi=(33)
cfn=(190) _dl_allocate_tls_storage
calls=1 389 
* 387
* 1
+1 2
+6 1
+3 2
-3 1
+3 6
+3 1
+3 5

fl=(27) ./elf/dl-hwcaps.c
fn=(72) _dl_important_hwcaps
42 5
+1 1
-1 5
+1 1
-1 1
+1 1
-1 1
+1 2
-1 1
+1 1
cfi=(8) ./elf/dl-tunables.c
cfn=(26) __tunable_get_val
calls=1 367 
* 19
* 1
+2 1
+1 2
-1 1
+1 1
+9 1
-12 1
+12 5
+1 1
+1 1
-1 2
+1 1
-1 1
+73 1
-72 1
+72 1
-74 12
+10 3
185 1
+5 1
-5 1
+5 5
-2 2
-2 1
+2 1
-2 1
+2 2
-2 1
+2 1
-2 1
fi=(28) ./elf/../sysdeps/x86/dl-hwcap.h
57 6
fe=(27)
188 1
+1 1
cfi=(13) ./string/../sysdeps/x86_64/multiarch/../strlen.S
cfn=(28) strlen
calls=1 79 
* 16
+1 1
+5 1
-5 2
-1 1
-4 1
+5 1
+5 1
+2 1
-7 1
-5 2
-37 2
+1 1
-1 6
+37 2
+8 3
+3 1
-1 1
+1 1
+4 1
+2 1
-2 3
+1 1
-1 1
+4 2
+4 2
-1 2
+4 7
+1 2
+18 11
+1 2
-1 1
+1 3
cfi=(18)
cfn=(44) malloc
calls=1 49 
* 24
* 1
+1 4
-1 1
+1 3
+31 4
+10 3
+21 1
-21 1
+21 2
-21 1
+21 1
-28 2
+13 1
+3 1
-9 1
+10 1
-1 2
-3 1
-32 1
+36 5
-4 2
-3 1
+3 1
cfi=(19)
cfn=(76) mempcpy
calls=1 122 
* 16
* 2
-3 1
+3 1
cfi=(19)
cfn=(76)
calls=1 122 
* 16
* 2
+3 2
-3 6
+3 5
+1 12
+1 2
-2 1
+2 1
cfi=(19)
cfn=(76)
calls=1 122 
* 14
* 2
-2 2
+5 6
cfi=(19)
cfn=(76)
calls=2 122 
* 28
* 4
+2 5
-7 4
+13 1
-1 1
+1 2
-1 2
+1 7
-1 7
+1 14
-1 16
+5 7
+3 2
-3 8
+3 10
+1 3
-1 3
+1 15
-1 9
+1 18
+1 24
-1 12
-1 12
+2 24
-1 24
-1 24
+4 9
+3 1
+1 1
+1 2
-2 1
+1 1
-1 1
+2 3
-1 1
+1 2
+3 2
+3 2
-6 2
+2 6
+3 1
+1 2
-6 2
+6 3
+7 8
+1 1
-1 2
+3 2
-3 3
+1 3
-1 6
+3 6
+3 4
+3 9
185 5
+29 1
+1 3
+1 1
-1 1
+1 1
-1 2
+2 2
+4 1
+3 3

fl=(7)
fn=(306)
259 1

fn=(12)
89 8
+25 1
-1 1
+1 70
+6 1
-3 1
+1 1
-4 1
+3 1
+3 8
-29 1
-1 2
+30 20
+1 108
+61 1
+1 1
-1 1
+1 1
-63 75
+34 1
-34 2
+35 1
-35 2
+46 1
-46 1
+47 1
-1 1
-46 3
+40 1
-40 1
+41 1
-1 1
-40 3
+37 1
-37 2
+38 1
-38 3
+13 1
-13 2
+14 1
-14 2
+10 1
-10 2
+11 1
-11 2
+7 1
-7 4
+4 1
-4 4
223 1
cfi=(8)
cfn=(14) __GI___tunables_init
calls=1 +60 
* 8746
fi=(10)
36 2
cfi=(11) ./elf/../sysdeps/unix/sysv/linux/x86_64/brk.c
cfn=(20) brk
calls=1 -5 
* 9
fi=(12) ./elf/../sysdeps/x86/cpu-features.c
322 1
-13 1
+13 1
-12 1
+1 1
+11 1
+3 6
476 3
+1 1
+3 2
+1 1
+6 1
+6 1
-5 1
+5 1
-3 1
+3 1
-4 1
+4 1
cfi=(8)
cfn=(26)
calls=1 367 
* 17
+2 4
cfi=(8)
cfn=(26)
calls=1 367 
* 19
* 1
+2 3
-2 1
+2 1
cfi=(8)
cfn=(26)
calls=1 367 
* 19
* 1
+2 3
-2 1
+2 1
cfi=(8)
cfn=(26)
calls=1 367 
* 19
* 1
+12 1
-1 1
-11 1
+12 1
fe=(7)
235 1
cfi=(13)
cfn=(28)
calls=1 79 
* 16
* 1
+2 2
cfi=(14) ./elf/../misc/sbrk.c
cfn=(30) sbrk
calls=1 32 
* 17
* 3
+12 3
+3 5
cfi=(2)
cfn=(32)
calls=1 1127 
* 95119
+1 1
+1 8
fi=(12)
515 3
+28 1
fe=(7)
234 1
fi=(12)
534 3
+2 4
+1 2
+2 4
+1 2
331 6
cfn=(24) get_common_indices.constprop.0
calls=1 71 
* 97
49 4
+1 2
+1 6
+5 2
+1 6
+5 2
+1 6
336 1
+2 1
+7 1
+59 1
+10 1
-78 2
+89 4
-96 1
+96 2
-99 1
+12 10
+38 2
+14 1
+10 5
+14 2
+1 1
fe=(7)

fl=(45) ./io/../sysdeps/unix/sysv/linux/close_nocancel.c
fn=(144) __GI___close_nocancel
26 12
+1 3

fl=(101) ./elf/../sysdeps/x86_64/dl-trampoline.h
fn=(388) _dl_runtime_resolve_xsave
72 9
+3 9
+2 9
+10 9
+6 9
+1 9
+1 9
+1 9
+1 9
+1 9
+1 9
+4 9
+1 9
+3 9
+1 9
+2 9
+1 9
+1 9
+1 9
+1 9
+1 9
+2 9
+7 9
+1 9
+1 9
cfi=(102) ./elf/../elf/dl-runtime.c
cfn=(390) _dl_fixup
calls=9 -60 
* 5689
+1 9
+5 9
+1 9
+1 9
+2 9
+1 9
+1 9
+1 9
+1 9
+1 9
+1 9
+2 9
+2 9
+4 9
+3 9

fn=(389) _dl_runtime_resolve_xsave'2
72 2
+3 2
+2 2
+10 2
+6 2
+1 2
+1 2
+1 2
+1 2
+1 2
+1 2
+4 2
+1 2
+3 2
+1 2
+2 2
+1 2
+1 2
+1 2
+1 2
+1 2
+2 2
+7 2
+1 2
+1 2
cfi=(102)
cfn=(390)
calls=2 -60 
* 1621
+1 2
+5 2
+1 2
+1 2
+2 2
+1 2
+1 2
+1 2
+1 2
+1 2
+1 2
+2 2
+2 2
+4 2
+3 2

fl=(56)
fn=(182) _dl_check_map_versions
156 28
+15 4
-15 8
+15 8
+2 12
+2 4
+1 4
-1 4
+1 4
+2 8
+3 4
-16 2
-8 2
+28 2
-4 2
+4 6
+16 2
37 2
201 2
37 2
201 2
37 10
+1 5
-1 10
+2 21
cfi=(37) ./elf/dl-misc.c
cfn=(122) _dl_name_match_p
calls=7 282 
* 762
* 14
209 6
+5 2
-71 4
+71 4
-71 6
+79 2
-2 2
-2 4
+4 2
-4 12
+4 2
-2 2
-2 4
+4 2
-4 22
57 4
+8 6
-8 4
+8 6
+6 12
+16 4
+1 8
+2 4
+5 40
+14 42
+12 51
+4 17
-30 34
225 16
+3 12
+5 2
-11 2
111 4
+3 16
cfi=(21)
cfn=(56)
calls=4 +30 
* 188
* 22
237 8
+14 4
+3 6
+3 12
+3 8
+4 2
-7 8
+3 6
+4 33
-7 132
+3 101
+8 6
+89 36
165 2
+86 2
-94 2
+94 3
+23 12
cfi=(18)
cfn=(40)
calls=3 92 
* 99
* 3
-1 3
+1 3
+1 6
+13 3
-3 3
+3 6
+2 9
+3 6
+4 6
+18 2
-15 2
+2 2
-2 2
+2 2
-2 2
+2 4
-2 2
+2 2
-2 2
+2 2
-2 2
+2 4
+2 4
+1 4
-1 12
+1 4
+1 4
-2 4
+2 8
+1 12
+3 12
+8 6
+10 9
+3 8
+20 35
-14 74
-2 35
+6 35
+1 35
+1 35
-1 105
+1 35
-1 35
+1 35
+1 35
+3 113

fn=(180)
362 5
+4 5
-2 2
+4 24
cfn=(182)
calls=4 156 
* 2758
-2 4
+2 12
-1 4
-1 8
+5 7

fl=(41) ./io/../sysdeps/unix/sysv/linux/wordsize-64/fxstat.c
fn=(134) _fxstat
33 9
+1 6
+1 12
+4 3

fl=(144) ./elf/dl-fini.c
fn=(628) _dl_fini
30 8
+20 3
-3 6
+3 4
+3 2
cfi=(2)
cfn=(52)
calls=1 841 
* 2
+2 1
+3 2
+2 6
+8 1
-3 1
+8 1
-5 5
+5 1
+2 8
+2 8
+2 8
+1 4
+1 4
+4 4
-12 12
+14 6
+1 4
+6 3
cfi=(55) ./elf/dl-sort-maps.c
cfn=(174) _dl_sort_maps
calls=1 -66 
* 236
+10 2
cfi=(2)
cfn=(54)
calls=1 847 
* 2
+5 6
+2 1
+2 3
-2 3
+2 9
+3 8
+3 12
+4 4
+11 2
+1 2
-1 2
+2 2
-2 2
+2 2
-2 2
+3 10
+1 2
cob=(4) /usr/lib/x86_64-linux-gnu/valgrind/vgpreload_core-amd64-linux.so
cfi=(85) ???
cfn=(656) 0x00000000000010c0
calls=1 0 
* 92
cob=(5) /mnt/c/Users/Pietro Ammaturo/github/WordChecker/main
cfi=(93) ???
cfn=(630) 0x00000000000013f0
calls=1 0 
* 92
-1 8
+5 6
+1 6
cob=(2) ???
cfi=(17) ???
cfn=(672) 0x000000000482e278
calls=1 0 
* 3
cob=(2)
cfi=(17)
cfn=(654) 0x000000000010b2a4
calls=1 0 
* 3
+6 24
+19 4
-59 14
+11 6
-26 7
+80 6
+6 2
+7 8

fl=(48) ./io/../sysdeps/unix/sysv/linux/wordsize-64/xstat.c
fn=(154) _xstat
33 24
+1 16
+1 32
+4 1
-4 28

fl=(55)
fn=(174)
28 24
+2 4
+4 4
+1 2
-2 2
+1 16
+1 4
cfi=(29) ./string/../sysdeps/x86_64/multiarch/memset-vec-unaligned-erms.S
cfn=(78) memset
calls=2 +74 
* 30
* 18
+4 4
+3 2
-3 4
+1 6
+2 2
-3 8
+3 4
-3 8
+1 12
+2 4
+12 24
+2 12
+1 8
-1 6
+1 4
+33 12
-36 24
+61 18
-31 8
-25 18
+1 12
+58 28
cfi=(29)
cfn=(78)
calls=4 -9 
* 64
* 16
-28 9
-44 12
+69 2
+7 16

fl=(21)
fn=(56)
144 158
+1 158
+2 158
+1 158
+21 158
+1 158
+1 74
+1 74
+1 37
+1 37
+1 37
+1 37
+21 37
+1 37
+1 37
+1 37
+1 37
+1 37
+1 37
+5 6
+1 6
+9 6
+1 6
+1 6
+1 6
+1 6
+1 6
+1 6
+1 6
-7 121
+1 121
+1 121
+1 121
+1 121
+1 121
+1 121
+1 121
+1 64
+1 33
+1 33
+1 33
+2 33
+1 33
+1 33
+1 33
+1 33
+1 33
-5 31
+1 31
+1 31
+1 31
+1 31
+1 31
+10 63
+1 63
+1 63
+2 63
+6 63
+1 63
+1 63
+1 63
+1 63
+5 63
+2 1
+1 1
+1 2
+8 1
+1 1
+3 1
+1 1
+1 1
+1 1
+1 1
+1 1
696 1
+1 1
+1 1
+1 1
+1 1
+2 1
+1 1
+1 1
+1 1
+1 1
+1 1
+1 1
+1 1
+4 1
+1 1
+1 1
+6 1
+1 1
+1 2
+4 1
+1 1
+3 1
+1 1
+1 1
+3 1
+1 1
+1 1
+6 1
+1 1
+1 1
+1 1
+1 1
+1 1
+72 1
+1 1
+1 1
+1 1
+1 1
+2 1
+1 1
+1 1
+1 1
+1 1
+1 1
+1 1
+1 1
+4 1
+1 1
+1 1
+6 1
+1 1
+1 2
+4 1
+1 1
+3 1
+1 1
+1 1
+3 1
+1 1
+1 1
+6 1
+1 1
+1 1
+1 1
+1 1
+1 1
+72 14
+1 14
+1 14
+1 14
+1 14
+2 14
+1 14
+1 14
+1 14
+1 14
+1 14
+1 14
+1 13
+4 13
+1 13
+1 13
+6 13
+1 13
+1 26
+4 13
+1 13
+3 13
+1 13
+1 13
+3 13
+1 13
+1 13
+6 13
+1 13
+1 13
+1 13
+1 13
+1 13
+72 13
+1 13
+1 13
+1 13
+1 13
+2 13
+1 13
+1 13
+1 13
+1 13
+1 13
+1 13
+1 4
+4 4
+1 4
+1 4
+6 4
+1 4
+1 8
+4 4
+1 4
+3 4
+1 4
+1 4
+3 4
+1 4
+1 4
+6 4
+1 4
+1 4
+1 4
+1 4
+1 4
+7 1
+1 1
+2 1
+1 1
+2 1
+1 1
+1 1
+3 1
+1 1
+1 1
+6 1
+1 1
+1 1
+1 1
+1 1
+1 1
+41 4
+1 4
+1 4
+1 4
+1 4
+2 4
+1 4
+1 4
+1 4
+1 4
+1 4
+1 4
+1 2
+4 2
+1 2
+1 2
+6 2
+1 2
+1 4
+4 2
+1 2
+3 2
+1 2
+1 2
+3 2
+1 2
+1 2
+6 2
+1 2
+1 2
+1 2
+1 2
+1 2
+72 1
+1 1
+1 1
+1 1
+1 1
+2 1
+1 1
+1 1
+1 1
+1 1
+1 1
+1 1
+1 1
+4 1
+1 1
+1 1
+6 1
+1 1
+1 2
+4 1
+1 1
+3 1
+1 1
+1 1
+3 1
+1 1
+1 1
+6 1
+1 1
+1 1
+1 1
+1 1
+1 1
+72 2
+1 2
+1 2
+1 2
+1 2
+2 2
+1 2
+1 2
+1 2
+1 2
+1 2
+1 2
+1 2
+4 2
+1 2
+1 2
+6 2
+1 2
+1 4
+4 2
+1 2
+3 2
+1 2
+1 2
+3 2
+1 2
+1 2
+6 2
+1 2
+1 2
+1 2
+1 2
+1 2
+72 14
+1 14
+1 14
+1 14
+1 14
+2 14
+1 14
+1 14
+1 14
+1 14
+1 14
+1 14
+1 11
+4 11
+1 11
+1 11
+6 11
+1 11
+1 22
+4 11
+1 11
+3 11
+1 11
+1 11
+3 11
+1 11
+1 11
+6 11
+1 11
+1 11
+1 11
+1 11
+1 11
+72 1
+1 1
+1 1
+1 1
+1 1
+2 1
+1 1
+1 1
+1 1
+1 1
+1 1
+1 1
1821 10
+1 10
+1 10
+1 10
+1 10
+2 10
+1 10
+1 10
+1 10
+1 10
+1 10
+1 10
+1 7
+4 7
+1 7
+1 7
+6 7
+1 7
+1 14
+4 7
+1 7
+3 7
+1 7
+1 7
+3 7
+1 7
+1 7
+6 7
+1 7
+1 7
+1 7
+1 7
+1 7
+72 1
+1 1
+1 1
+1 1
+1 1
+2 1
+1 1
+1 1
+1 1
+1 1
+1 1
+1 1
+1 1
+4 1
+1 1
+1 1
+6 1
+1 1
+1 2
+4 1
+1 1
+3 1
+1 1
+1 1
+3 1
+1 1
+1 1
+6 1
+1 1
+1 1
+1 1
+1 1
+1 1
+72 2
+1 2
+1 2
+1 2
+1 2
+2 2
+1 2
+1 2
+1 2
+1 2
+1 2
+1 2
2200 44
+2 44
+1 44
+1 44
+1 44
-3 83
+1 83
+1 83
+1 83
+1 66
+5 33
+6 33
+1 33
+8 33
+1 33
-16 125
+6 125
+1 125
+8 125
+1 125

fl=(33)
fn=(304)
494 8
+1 2
+4 1
+6 1
-6 1
+6 2
-4 1
+16 1
-15 2
+20 8
+9 3
+1 2
+6 3
+3 1
-2 1
+6 1
-6 1
+2 1
+4 1
-4 3
+1 1
+2 2
+4 2
+1 4
+2 2
+1 2
+12 1
-3 1
+3 2
cfi=(19)
cfn=(76)
calls=1 122 
* 12
* 5
cfi=(29)
cfn=(78)
calls=1 109 
* 33
-36 1
-6 4
+6 4
+50 2
+3 9

fn=(188)
191 7
+6 3
+3 2
+36 3
+2 1
-2 1
-2 1
-40 1
-1 1
-1 1
+46 2
+23 3
+3 1
-3 4
+2 2
+10 1
-12 1
-25 6
+2 2
+3 1
-1 1
+5 2
-5 1
+1 1
-1 1
+3 2
+2 3
+32 2
-1 1
+53 1
-52 4
+2 2
+51 8

fn=(186)
69 1
+4 1
-4 1
+4 1
-4 3
+4 3
cfi=(8)
cfn=(26)
calls=1 367 
* 19
* 1
+1 4
cfi=(8)
cfn=(26)
calls=1 367 
* 19
* 3
+6 1
+2 4
+5 1
-2 1
+4 3
+1 2
+1 5

fn=(302)
944 7
+6 1
+3 1
+1 1
+4 3
+41 2
+3 4
-1 1
+1 1
+2 6

fn=(168) _dl_next_tls_modid
107 1
+13 1
-13 1
+36 1
+12 1
+4 1

fn=(98)
169 2
+1 1
+15 2

fn=(190)
389 1
+13 1
-13 2
+2 1
+12 2
cfi=(18)
cfn=(44)
calls=1 49 
* 24
* 1
+1 3
+8 2
-69 1
+69 2
+1 1
+4 297
+19 1
-94 2
+1 2
cfi=(18)
cfn=(40)
calls=1 92 
* 33
* 1
+1 2
+3 1
+6 2
+89 5

fl=(18)
fn=(40)
92 8
+4 8
+4 8
-1 16
+1 16
+3 8
cfn=(44)
calls=8 -54 
* 237
* 8

fn=(82) strsep
265 6
+2 4
+1 4
+4 48
+7 112
-2 56
+13 1
+4 4
-22 14
+15 14
-15 30

fn=(44)
49 88
+1 22
+11 22
-11 44
+11 44
+3 22
-3 22
+3 128
+18 22
+1 22
+2 88
-16 4
+1 2
+2 1
+1 7
cfi=(42) ./misc/../sysdeps/unix/sysv/linux/mmap64.c
cfn=(136) mmap
calls=1 -22 
* 19
* 1
+2 2
+2 2
+2 1
+4 1
-4 2
-23 1
-1 1
+1 1
+1 2
-2 2

fn=(94) free
111 12

fl=(36) ./setjmp/../sysdeps/x86_64/setjmp.S
fn=(116) __sigsetjmp
32 3
+9 3
+1 6
+1 3
+4 3
+1 3
+1 3
+1 3
+1 3
+2 6
+2 3
+1 3
+3 6
+2 3
+19 3
+1 3

fl=(30) ./string/../sysdeps/x86_64/multiarch/../strchr.S
fn=(88) index
24 6
+1 6
+1 6
+1 6
+1 6
+1 6
+1 6
+1 6
+1 6
+1 6
+1 6
+1 6
+1 6
+1 6
+1 6
+1 6
+1 6
+1 4
+4 4
+1 4
+1 4
+1 4
+2 4
+4 2
+1 2
+1 2
+1 2
+1 2
+1 2
+1 2
+1 2
+1 2
+1 2
+1 2
+1 2
+1 2
+1 2
+1 2
+1 2
+1 2
+1 2
+1 2
+1 2
+1 2
+1 2
+1 2
+1 3
+5 1
+1 1
+3 1
+1 1
+1 1
+1 1
+1 1
+1 1
+1 1
+1 1
+1 1
+1 1
+1 1
+1 1
+1 1
+1 1
+1 1
+1 1
+1 1
+1 1
+2 1
+1 1
+2 1
+1 1
+1 1
+1 1
+1 1
+1 1
+1 1
+1 1
+2 1
+1 1
+1 1
+1 1
+1 1
+1 1
+1 1
+1 1
+1 1
+1 1
+3 1
+4 1
+1 1
+1 1
+1 1
+2 1
-9 1
+4 1
+1 1
+1 1
+1 1
+2 1

fl=(84) ./elf/dl-init.c
fn=(316) call_init.part.0
28 32
+8 4
-8 4
+11 4
-3 8
+3 12
+5 9
+5 4
+9 12
cob=(3) /lib/x86_64-linux-gnu/libc-2.31.so
cfi=(86) ./csu/init-first.c
cfn=(328) _init
calls=1 -6 
* 95
cob=(2)
cfi=(17)
cfn=(318) 0x000000000482e000
calls=1 -58 
* 6
+3 2
+1 4
+6 2
+2 4
-2 4
+3 10
+1 8
cob=(3)
cfi=(90) ./libio/vtables.c
cfn=(338) check_stdfiles_vtables
calls=1 +12 
* 11
cob=(4)
cfi=(85)
cfn=(322) 0x0000000000001100
calls=1 -72 
* 11
* 4
cob=(3)
cfi=(91) ./string/../sysdeps/x86/cacheinfo.c
cfn=(340) init_cacheinfo
calls=1 488 
* 1714
-1 9
+3 24
-29 3
-5 3

fn=(314) _dl_init
79 11
+1 1
+1 1
+3 3
+8 2
+25 1
+1 5
+1 2
-89 2
+89 6
-89 18
cfn=(316)
calls=3 -2 
* 1933
+88 12
+7 8
-95 3
cfn=(316)
calls=1 -2 
* 70
+57 2

fl=(6)
fn=(200) _dl_lookup_symbol_x
841 909
582 101
841 404
582 303
-1 202
+2 101
-1 101
+1 303
-1 303
+1 1295
-1 1295
+1 3885
-1 3885
+2 101
847 101
-4 101
+8 101
-8 101
+1 202
+7 281
+5 101
+5 101
-7 101
+2 101
-2 101
+6 202
-7 606
+7 20
+29 10
-29 30
+1 1313
cfn=(202) do_lookup_x
calls=101 368 
* 35059
* 303
+28 91
-23 202
+24 546
+40 91
-40 91
+40 364
+14 273
+3 273
+5 182
+2 909
-86 60
+17 10
+1 20
+59 2

fn=(204) check_match
75 372
+3 93
-3 744
+3 186
+13 364
-13 364
+13 182
+3 294
cfi=(21)
cfn=(56)
calls=28 +50 
* 1477
* 56
+4 91
+1 182
+2 180
+19 180
+1 720
+39 91
+7 546
-18 2
+2 2
+1 1
-1 2
+1 3
-1 2
+16 12
-45 270
cfi=(21)
cfn=(56)
calls=90 +22 
* 3839
* 180
-44 8
+82 4

fn=(10)
964 12
+2 4
+2 8
+2 4
-1 4
+3 12
+1 4
+4 4
-3 4
+7 4
-7 4
+3 4
-1 4
+3 4
+2 4
-7 4
+7 4
+5 4

fn=(202)
368 707
+1 101
-1 808
+48 101
-41 101
+76 101
-35 202
-16 951
+8 317
-4 317
+1 317
+3 634
+1 951
+3 317
+1 634
+7 317
-3 634
-2 317
+5 1268
+3 2219
571 681
379 636
+3 636
+4 1278
+4 634
+4 634
+88 182
fi=(20) ./elf/../sysdeps/generic/ldsodefs.h
126 273
fe=(6)
533 182
+3 680
+16 182
+1 91
+1 182
427 376
-1 188
+2 188
+2 94
+6 376
-6 94
+6 752
+7 282
-10 925
+3 93
-1 93
+1 186
-1 93
+1 93
-1 93
+2 93
-1 93
+1 93
-1 930
cfn=(204)
calls=93 75 
* 10447
+4 279
+3 4
574 10
+1 808
-35 36
-66 6
176 21
+5 728

fl=(37)
fn=(122)
282 70
+1 28
cfi=(21)
cfn=(56)
calls=14 144 
* 486
* 14
+1 14
-1 28
+3 14
+2 28
+4 15
-4 30
+1 54
cfi=(21)
cfn=(56)
calls=18 144 
* 706
* 36
-5 3
+11 23
-1 11
+1 33

fn=(158) _dl_sysdep_read_whole_file
44 1
+3 1
-3 6
+3 1
-3 1
+3 1
cfi=(38)
cfn=(126)
calls=1 -10 
* 18
+1 2
+23 7
-21 5
cfi=(41)
cfn=(134)
calls=1 -17 
* 10
* 2
+2 2
+3 2
+13 2
cfi=(45)
cfn=(144)
calls=1 -42 
* 5
* 1
-11 6
cfi=(42)
cfn=(136)
calls=1 -6 
* 19
* 2

fl=(8)
fn=(26)
367 120
+9 20
-9 78
+9 3
+17 100
+2 20
-9 17
+1 17

fn=(14)
283 8
-9 4
67 65
+6 20
-3 20
+3 1191
-6 40
358 8
77 40
+5 20
-9 20
-6 20
fi=(9) ./elf/dl-tunables.h
+52 20
fe=(8)
-37 60
fi=(9)
+38 60
-1 30
+5 10
-5 20
+1 60
fe=(8)
324 60
-12 2800
fi=(9)
119 360
fe=(8)
-52 180
fi=(9)
+52 540
+1 18
-1 234
+1 558
fe=(8)
306 2240
70 40

fl=(49)
fn=(164) _dl_cache_libcmp
142 33
+4 55
-2 55
+2 55
-2 110
+20 108
+2 108
-24 44
+28 44
+1 44
-29 88
+4 2
+8 1
-2 2
+1 2
+1 2
-2 1
+2 1
+2 3
-3 1
+3 1
+2 2
cfn=(165) _dl_cache_libcmp'2
calls=1 -16 
* 6
+9 20

fn=(165)
142 3
+32 3

fn=(156) _dl_load_cache_lookup
187 9
+8 2
+3 3
+72 1
+9 1
-9 2
+11 1
-2 1
fi=(51) ./elf/../sysdeps/x86/dl-procinfo.h
39 2
+3 3
cfi=(21)
cfn=(56)
calls=1 144 
* 65
* 4
fe=(49)
285 4
cfi=(8)
cfn=(26)
calls=1 +82 
* 19
* 2
+8 2
+15 135
cfn=(164)
calls=10 142 
* 718
* 50
+31 2
-31 10
cfn=(164)
calls=1 142 
* 70
* 6
-15 2
+1 3
+14 1
-15 2
+15 32
+16 2
+4 2
+8 3
cfi=(13)
cfn=(28)
calls=1 79 
* 34
+1 1
-1 6
+1 1
cfi=(19)
cfn=(46)
calls=1 135 
* 10
* 1
+1 1
cfi=(31) ./string/strdup.c
cfn=(90) strdup
calls=1 40 
* 86
+1 8
201 4
cfi=(37)
cfn=(158)
calls=1 44 
* 94
* 1
+8 5
+1 8
fi=(50) ./elf/../sysdeps/generic/dl-cache.h
-58 1
+1 5
fe=(49)
+65 1
+1 2

fn=(308)
349 4
-1 1
+3 2
cfi=(52) ./misc/../sysdeps/unix/syscall-template.S
cfn=(310) munmap
calls=1 117 
* 5
+1 1
+2 2

fl=(35)
fn=(110)
225 9
+2 2
cfn=(114) _dl_catch_exception
calls=1 -52 
* 2515
* 1
+1 2
+1 1
+1 1
-1 1
+1 1
+2 5

fn=(176)
238 5
+1 1
+1 1
+3 1
+1 1
+2 1
cfi=(2)
cfn=(178)
calls=1 675 
* 2839
+2 1
+1 1
+1 4

fn=(114)
175 6
+5 3
-5 9
+5 3
-2 6
+21 3
+7 6
-7 3
+1 6
+3 6
+3 3
cfi=(36)
cfn=(116)
calls=3 32 
* 57
* 9
+2 9
cfi=(47)
cfn=(150) openaux
calls=2 61 
* 6028
cfi=(2)
cfn=(118)
calls=1 642 
* 2462
+2 3
-1 3
+1 3
-1 3
+1 6
+9 12

fl=(57)
fn=(192)
167 40
+15 4
-15 8
+15 4
+1 20
+6 8
+6 20
-18 8
+22 8
+7 16
+40 4
fi=(5)
76 4
fe=(57)
246 8
fi=(5)
76 12
+6 6
+4 9
+14 3
-8 3
+8 6
+20 6
+11 12
fe=(57)
274 126
-96 18
fi=(4)
48 3
-1 3
-1 3
+1 3
+1 3
+10 6
fe=(57)
274 1
-96 6
fi=(4)
48 1
-1 1
-1 1
+1 1
+1 1
+10 2
-10 4
-1 4
-1 4
+1 4
+1 4
+10 8
-7 3
-1 3
+11 15
fi=(5)
558 36
+4 36
+3 54
+1 18
fi=(4)
61 54
+2 232
+2 120
-4 120
+13 6
+1 5
+1 80
fi=(5)
558 40
+26 40
-1 80
-25 40
+26 80
+1 40
cob=(3)
cfi=(61) ./string/../sysdeps/x86_64/multiarch/ifunc-strcasecmp.h
cfn=(296) strncasecmp_l
calls=1 32 
* 5
cob=(3)
cfi=(64) ./string/../sysdeps/x86_64/multiarch/ifunc-avx2.h
cfn=(294) strchrnul
calls=1 32 
* 9
cob=(3)
cfi=(81) ./wcsmbs/../sysdeps/x86_64/multiarch/ifunc-memcmp.h
cfn=(290) wmemcmp
calls=1 34 
* 12
cob=(3)
cfi=(59) ./string/../sysdeps/x86_64/multiarch/ifunc-strcpy.h
cfn=(286) stpcpy
calls=1 36 
* 8
cob=(3)
cfi=(59)
cfn=(282) stpncpy
calls=1 36 
* 8
cob=(3)
cfi=(71) ./string/../sysdeps/x86_64/multiarch/ifunc-sse4_2.h
cfn=(280) strspn
calls=1 30 
* 6
cob=(3)
cfi=(65) ./wcsmbs/../sysdeps/x86_64/multiarch/ifunc-avx2.h
cfn=(278) wcslen
calls=1 32 
* 9
cob=(3)
cfi=(64)
cfn=(276) memchr
calls=1 32 
* 9
cob=(3)
cfi=(61)
cfn=(272) strcasecmp_l
calls=1 32 
* 5
cob=(3)
cfi=(64)
cfn=(270) memrchr
calls=1 32 
* 9
cob=(3)
cfi=(64)
cfn=(268) strlen
calls=1 32 
* 9
cob=(3)
cfi=(77) ./string/../sysdeps/x86_64/multiarch/strchr.c
cfn=(266) index
calls=1 40 
* 8
cob=(3)
cfi=(71)
cfn=(264) strpbrk
calls=1 30 
* 6
cob=(3)
cfi=(76) ./wcsmbs/../sysdeps/x86_64/multiarch/wcscpy.c
cfn=(262) wcscpy
calls=1 37 
* 6
cob=(3)
cfi=(75) ./wcsmbs/../sysdeps/x86_64/multiarch/ifunc-wmemset.h
cfn=(260) wmemset
calls=2 32 
* 32
cob=(3)
cfi=(74) ./wcsmbs/../sysdeps/x86_64/multiarch/wcsnlen.c
cfn=(258) wcsnlen
calls=1 40 
* 8
cob=(3)
cfi=(58) ./string/../sysdeps/x86_64/multiarch/ifunc-memmove.h
cfn=(256) memcpy@@GLIBC_2.14
calls=1 45 
* 16
cob=(3)
cfi=(59)
cfn=(252) strcpy
calls=1 36 
* 8
cob=(3)
cfi=(61)
cfn=(248) strncasecmp
calls=1 32 
* 5
cob=(3)
cfi=(71)
cfn=(246) strcspn
calls=1 30 
* 6
cob=(3)
cfi=(64)
cfn=(244) strnlen
calls=2 32 
* 18
cob=(3)
cfi=(65)
cfn=(242) wcschr
calls=2 32 
* 18
cob=(3)
cfi=(70) ./string/../sysdeps/x86_64/multiarch/ifunc-memset.h
cfn=(240) memset
calls=1 42 
* 18
cob=(3)
cfi=(69) ./string/../sysdeps/x86_64/multiarch/strcmp.c
cfn=(238) strcmp
calls=1 41 
* 8
cob=(3)
cfi=(68) ./string/../sysdeps/x86_64/multiarch/strncmp.c
cfn=(236) strncmp
calls=1 41 
* 8
cob=(3)
cfi=(66) ./string/../sysdeps/x86_64/multiarch/ifunc-memcmp.h
cfn=(232) bcmp
calls=1 34 
* 12
cob=(3)
cfi=(58)
cfn=(230) mempcpy
calls=1 45 
* 16
cob=(3)
cfi=(65)
cfn=(228) wcscmp
calls=1 32 
* 9
cob=(3)
cfi=(65)
cfn=(226) wmemchr
calls=2 32 
* 18
cob=(3)
cfi=(64)
cfn=(224) rawmemchr
calls=1 32 
* 9
cob=(3)
cfi=(64)
cfn=(222) rindex
calls=1 32 
* 9
cob=(3)
cfi=(59)
cfn=(218) strcat
calls=1 36 
* 8
cob=(3)
cfi=(61)
cfn=(214) strcasecmp
calls=1 32 
* 5
cob=(3)
cfi=(59)
cfn=(210) strncpy
calls=1 36 
* 8
cob=(3)
cfi=(58)
cfn=(208) memmove
calls=2 45 
* 32
fi=(4)
75 40
fi=(5)
586 40
fi=(4)
75 82
fe=(57)
274 32
+3 12
+24 4
+3 8
+17 8
196 8
fi=(4)
84 5
-1 5
+3 5
+12 5
-15 5
+3 5
+12 10
+10 6
+10 6
+3 8
+3 8
-74 3
fi=(5)
497 3
fi=(4)
51 3
fi=(5)
497 6
fi=(4)
127 420
+9 210
+1 105
-1 210
+1 105
+2 105
-2 105
+2 210
-1 210
fi=(5)
276 210
+21 210
+4 210
+7 420
fi=(20)
126 264
fi=(5)
308 1716
fi=(4)
138 84
fi=(5)
308 84
fi=(4)
138 84
fi=(5)
308 84
fi=(4)
138 84
fi=(5)
308 168
fi=(4)
138 1
fi=(5)
308 1
fi=(4)
138 1
fi=(5)
308 1
fi=(4)
138 1
fi=(5)
308 1022
cfi=(6)
cfn=(200)
calls=85 841 
* 46297
* 510
+1 264
+30 630
463 261
+1 87
fi=(4)
124 315
+19 12
fi=(5)
435 51
+4 68
+5 17
+9 17
-9 34
+9 34
+50 3
+4 6
cfi=(19)
cfn=(46)
calls=1 135 
* 10
+2 3
+1 1
fi=(4)
111 9
+1 3
fi=(5)
542 3
fi=(4)
112 3
fi=(5)
542 6
fi=(4)
112 1216
fi=(5)
542 1216
fi=(4)
112 1216
fi=(5)
542 2432
+5 2438
+1 1219
fi=(4)
111 1219
fi=(5)
548 2438
fi=(4)
111 2438
+7 9
-67 1
160 4
+2 20
+9 15
-1 30
fi=(5)
276 10
+21 10
+4 10
+7 20
fi=(20)
126 15
fi=(5)
308 165
cfi=(6)
cfn=(200)
calls=5 841 
* 2542
* 35
+1 15
+30 64
-30 150
+3 99
-3 99
+3 198
-4 23
+1 82
+3 82
-3 164
fe=(57)
-35 24
fi=(5)
+34 99
fe=(57)
+14 8
cfn=(300) _dl_protect_relro
calls=4 +7 
* 96
+1 32
fi=(5)
124 12
-2 6
fe=(57)
274 2
fi=(5)
463 15
+1 5
fi=(4)
160 15
+14 3
fi=(5)
309 1
+3 1
-3 1
+3 2
-3 1
+3 1
-3 2
fe=(57)

fn=(300)
329 4
-1 8
+1 16
+3 4
-3 4
+3 4
+4 8
+7 8
-6 12
cfi=(52)
cfn=(166) mprotect
calls=4 117 
* 20
* 8

fl=(10)
fn=(66)
46 4
+2 3
+40 2
cfi=(25) ./posix/../sysdeps/unix/syscall-template.S
cfn=(68) uname
calls=1 +32 
* 5
+15 1
-15 2
+20 1
-1 1
+3 12
+4 3
-2 6
+2 11
+3 2
-1 2
+1 6
-3 8
+7 3
-1 3
+4 3
-2 3
+2 12
+8 1
+1 5

fl=(31)
fn=(90)
40 12
+1 3
cfi=(13)
cfn=(28)
calls=3 +38 
* 110
* 3
+1 6
cfi=(18)
cfn=(44)
calls=3 +7 
* 72
* 3
+2 6
+4 3
-1 9
+1 6
-1 3
cfi=(19)
cfn=(46)
calls=3 +88 
* 46

fl=(42)
fn=(136)
51 22
-3 44
+6 22
+5 66
+2 33
-7 8

fl=(13)
fn=(28)
79 13
+1 13
+1 13
+1 13
+1 13
+1 13
+1 13
+2 13
+2 13
+31 13
+1 13
+1 13
+1 13
+1 13
+1 7
+2 7
+4 6
+1 6
+1 6
+1 6
+1 6
+1 6
+1 6
+1 6
+1 6
+1 6
+1 6
+1 6
+5 42
+74 3
+1 3
+1 3
+1 3
+1 3
+1 3
+1 3
+1 3
+16 3
+2 3
+1 42
+2 3
+1 3
+1 3
+2 3

fl=(16)
fn=(50)
31 3
+2 3
-2 6
+2 3
-2 6
+2 3
cfi=(2)
cfn=(52)
calls=3 841 
* 6
+2 20
+3 20
+2 2
+2 2
+4 2
+4 2
+1 2
-5 4
+1 4
+1 2
+3 2
-3 2
+3 2
-1 2
cfi=(2)
cfn=(54)
calls=2 847 
* 4
-4 1
+4 1
+1 1
-5 2
+1 2
+1 1
+3 1
-3 1
+3 1
-1 1
cfi=(2)
cfn=(54)
calls=1 847 
* 2
-5 2

fn=(36)
59 30
+3 3
-3 6
+3 6
+15 2
+3 6
cfi=(13)
cfn=(28)
calls=2 -1 
* 76
+4 2
-4 4
+4 2
+5 10
cfi=(18)
cfn=(40)
calls=2 +3 
* 104
* 2
* 4
cfi=(18)
cfn=(40)
calls=1 +3 
* 40
* 1
* 3
+3 6
+4 3
+5 3
-6 3
+6 3
-5 3
+5 3
-5 3
+5 3
-1 3
+1 3
-1 3
+1 3
cfi=(19)
cfn=(46)
calls=3 +34 
* 49
* 3
+15 6
-15 3
+15 3
-13 3
+13 10
+6 1
+2 7
+3 2
-3 14
+3 4
+2 3
+4 3
+3 14
fi=(20)
1222 3
fe=(16)
136 2
+2 1
-2 2
fi=(20)
1222 45
fe=(16)
136 30
+2 15
-2 30
+50 2
-34 2
-5 1
+5 1
-6 1
+6 1
-6 1
+6 6
-5 2
+5 2
-6 2
+6 2
-6 2
+6 4
+2 4
+3 4
-3 4
+7 8
+4 4
+8 2
+3 1
+10 2
-10 1
+10 1
-10 2
+10 4
-10 2
+10 2
+2 2
+21 2
-21 2
cfi=(13)
cfn=(28)
calls=2 79 
* 94
+4 2
-4 6
+17 2
-13 6
+50 6
cfi=(19)
cfn=(76)
calls=2 122 
* 40
* 2
+5 4
+1 4
-1 80
+1 80
+2 4
+3 2
+3 2
+4 27
128 6
+37 6
-15 1
+7 4
+8 4
+31 4
cfi=(18)
cfn=(44)
calls=2 49 
* 48
* 2
* 2
+1 8
64 2
+1 6
+9 1
-5 2

fl=(14)
fn=(30)
32 4
+8 6
+4 2
+16 5

fl=(12)
fn=(24)
71 2
+4 4
+3 3
+4 2
-4 1
+4 1
-4 1
+3 1
+1 1
+1 4
+1 4
+1 3
+1 2
+7 2
+1 3
+6 1
-6 4
+6 1
+1 7
+7 3
+4 2
+2 4
225 2
+4 3
+1 2
+3 1
-1 1
+4 1
+2 1
-2 1
+5 2
+50 3
118 2
+3 4
+3 2
+8 1
-5 2
+8 2
+2 1
+2 3
+4 2
+4 2
+7 3

fl=(15)
fn=(34)
29 3
+3 28
+13 18
-13 36
+2 40
+1 14
+5 2
-3 2
+3 2
+2 2
+7 1

fl=(19)
fn=(46)
135 15
+6 15
+1 15
+1 8
+1 8
+5 5
+1 5
+1 5
+1 5
+5 5
301 7
+1 7
+1 1
+1 1
+1 1
+1 1
+1 1
+1 1
+1 1
+2 1
+22 6
+1 6
+1 6
+1 6
+1 6
+24 3
+1 3
+1 3
+1 3
+2 3
+1 3
+1 3
+1 3
+1 3
+1 3
+1 3
+1 3
+1 3
+1 3
+1 3
+1 3
+1 3
+1 3
+1 3
+1 3
+2 3

fn=(76)
122 26
+1 26
+1 26
+17 26
+1 26
+1 4
+1 4
+5 3
+1 3
+1 3
+1 3
+5 3
301 22
+1 22
+1 8
+1 8
+1 3
+1 3
+1 1
+4 1
+22 14
+1 14
+1 14
+1 14
+1 14
+3 5
+1 5
+1 5
+1 5
+1 5
+3 2
+1 2
+1 2
+1 2
+1 2
+10 1
+1 1
+1 1
+1 1
+2 1
+1 1
+1 1
+1 1
+1 1
+1 1
+1 1
+1 1
+1 1
+1 1
+1 1
+1 1
+1 1
+1 1
+1 1
+1 1
+2 1

fl=(26)
fn=(84) expand_dynamic_string_token
378 6
+10 2
-10 8
+10 2
cfn=(86) _dl_dst_count
calls=2 231 
* 145
+3 4
+12 2
-11 2
+11 8
-11 2
cfi=(31)
cfn=(90)
calls=2 40 
* 196

fn=(120)
1927 27
+8 6
+1 12
+3 42
+5 49
+2 21
cfi=(37)
cfn=(122)
calls=7 282 
* 831
* 14
+4 12
+1 18
+3 2
+1 2
+1 2
-1 2
+1 2
cfi=(21)
cfn=(56)
calls=2 144 
* 73
* 4
2238 27
1974 2
-2 2
+2 4
-2 4
-43 2
+53 6
+36 4
-2 2
+2 2
cfi=(30)
cfn=(88)
calls=2 24 
* 46
* 4
2169 2
-1 3
cfn=(84)
calls=1 378 
* 251
+2 1
-3 1
+1 1
+2 2
+4 6
cfn=(124) open_verify.constprop.0
calls=1 1466 
* 232
* 1
+3 2
+12 4
+46 1
+1 3
-1 1
+1 9
cfn=(130) _dl_map_object_from_fd
calls=1 866 
* 1601
-1 1
+1 3
-1 1
+1 9
cfn=(130)
calls=1 866 
* 1910
* 6
2022 2
cfi=(13)
cfn=(28)
calls=1 79 
* 16
* 2
+2 2
+7 4
+36 12
cfn=(152) open_path
calls=1 1779 
* 1373
+6 1
-6 1
+6 4
+88 2
+28 4
+2 4
2035 5
+8 4
-3 3
659 1
2041 1
659 3
2074 1
659 2
2055 4
+1 8
659 1
2057 1
659 2
2066 2
+1 2
+15 1
+14 2
+2 3
+4 2
cfi=(49)
cfn=(156)
calls=1 187 
* 1428
* 1
+2 2
+4 2
+8 3
+23 7
cfn=(124)
calls=1 1466 
* 243
+4 2
-4 1
+4 1
+1 2

fn=(80) fillin_rpath.isra.0
445 7
+4 1
-4 9
+6 3
cfi=(18)
cfn=(82)
calls=1 265 
* 284
* 3
cfi=(18)
cfn=(82)
calls=1 265 
* 9
* 6
+7 2
+2 3
cfn=(84)
calls=1 -82 
* 126
* 1
+4 2
+5 2
cfi=(13)
cfn=(28)
calls=1 79 
* 16
* 1
+1 2
+7 5
+9 17
+1 8
+55 2
+2 2
cob=(2)
cfi=(17)
cfn=(92) 0x0000000004001080
calls=1 0 
* 5
* 1
-39 2
+4 9
cfi=(18)
cfn=(44)
calls=1 49 
* 24
* 1
+2 3
-2 1
+2 1
+5 1
+1 3
-2 1
+2 1
cfi=(19)
cfn=(76)
calls=1 122 
* 12
+3 2
-3 1
+1 1
+2 1
+6 3
+1 1
-1 1
+1 3
+1 1
-1 3
+1 7
-1 21
+3 1
+1 1
-1 1
+1 1
+7 1
+1 2
-57 4
+23 2
+43 1
+3 8
-15 2

fn=(130)
866 22
+10 2
-10 2
+10 2
-10 4
+10 2
cfi=(32)
cfn=(96)
calls=2 49 
* 16
* 2
+7 8
+61 8
+10 4
+7 8
+33 4
877 2
997 14
cfi=(16)
cfn=(36)
calls=2 59 
* 838
* 2
+1 4
+11 2
+5 2
-5 2
+1 4
+1 2
+2 2
-2 2
+2 4
+1 6
+1 4
+19 2
-2 2
+2 6
+8 2
-8 2
+8 4
-8 6
+8 2
-8 2
+8 4
+90 2
-6 2
-90 2
+30 2
+23 2
+43 2
-6 2
-91 2
+31 2
+66 2
-52 2
-50 4
+13 52
+17 2
+1 1
-19 57
+1 103
1144 2
1042 2
1144 2
+1 4
1042 6
1157 6
1010 4
1170 4
+10 4
fi=(43) ./elf/./dl-map-segments.h
56 4
fe=(26)
1180 6
fi=(43)
56 2
fe=(26)
1180 6
fi=(43)
56 4
-6 2
+6 4
-6 2
+6 2
cfi=(42)
cfn=(136)
calls=2 -5 
* 38
+4 4
-4 2
+4 2
+3 4
+1 2
+2 2
-3 2
+1 2
+2 2
+14 2
+2 2
fi=(44) ./elf/./dl-load.h
+8 16
+1 6
+2 16
fi=(43)
+11 32
+8 2
-2 2
+1 2
+2 2
-1 2
+1 2
-1 2
+3 4
+5 4
+3 4
+8 16
cfi=(29)
cfn=(78)
calls=2 -22 
* 312
+1 6
+5 4
+12 8
-59 40
+2 12
+2 6
-2 12
+2 48
cfi=(42)
cfn=(136)
calls=6 -43 
* 102
* 18
fe=(26)
1043 22
+23 24
+5 56
+10 16
-1 8
+4 16
-4 8
-1 8
+2 16
+2 8
-2 8
-1 8
+1 8
+1 8
-1 8
+2 8
+1 8
+4 16
+1 30
+5 6
-1 6
+1 6
-1 6
+1 24
-15 6
+15 12
+10 6
-10 2
-1 2
+1 2
-1 2
+1 8
-15 2
+15 4
+10 2
-55 4
+5 4
+1 8
+52 3
+4 1
+1 2
-58 1
+62 5
+1 1
+3 1
-3 1
+8 4
+15 4
+1 2
fi=(40) ./elf/../sysdeps/posix/dl-fileid.h
37 8
cfi=(41)
cfn=(134)
calls=2 -4 
* 20
* 4
fe=(26)
901 4
fi=(40)
40 2
+1 2
fe=(26)
901 2
fi=(40)
40 2
fe=(26)
901 2
fi=(40)
41 2
fe=(26)
901 21
+1 10
fi=(40)
49 12
fe=(26)
1417 18
920 4
fi=(43)
73 10
cfi=(52)
cfn=(166)
calls=1 +44 
* 5
* 3
fe=(26)
1192 8
+9 6
fi=(3)
42 2
+6 2
-2 2
+2 4
+15 2
+5 2
+3 2
-2 2
-2 2
-3 4
-1 40
+1 24
-16 8
+26 8
-26 53
+26 37
-26 74
+2 90
+17 70
fi=(44)
+27 4
+2 1
-1 2
+1 1
-1 1
+1 1
-1 1
+1 1
-1 2
+3 4
fi=(3)
-33 10
+3 8
+3 8
+1 4
+1 4
+8 4
+20 7
+1 8
+1 8
+1 8
+2 8
+5 8
+1 7
+1 8
+5 6
+5 4
+7 4
+1 6
+18 6
+5 2
+2 2
+2 2
+2 2
+3 6
+2 3
+1 2
+9 2
+5 2
+3 4
fe=(26)
1208 4
+2 4
+19 6
+19 4
+2 10
+48 6
+1 2
+3 2
cfi=(45)
cfn=(144)
calls=1 26 
* 5
* 2
cfi=(45)
cfn=(144)
calls=1 26 
* 5
* 4
+9 4
+2 8
+2 4
+16 4
cfi=(6)
cfn=(10)
calls=2 964 
* 46
+4 4
+1 4
+17 4
+4 2
+5 2
-5 2
+5 2
+10 4
+9 4
+1 4
+5 1
cfi=(33)
cfn=(168)
calls=1 107 
* 6
* 1
+7 3
cfi=(16)
cfn=(50)
calls=1 31 
* 45
* 3
cfi=(16)
cfn=(50)
calls=1 31 
* 41
+4 6
-44 2
fi=(43)
141 8
cfi=(42)
cfn=(136)
calls=1 -90 
* 17
+3 2
fe=(26)
1207 2

fn=(70)
681 1
+13 2
-13 8
+13 3
cfi=(27)
cfn=(72)
calls=1 42 
* 733
+5 1
-5 1
+5 1
cfi=(18)
cfn=(44)
calls=1 49 
* 24
* 1
-1 1
+2 2
+7 2
+1 4
-1 3
+4 4
cfi=(18)
cfn=(44)
calls=1 49 
* 24
* 1
* 2
+2 2
+7 1
+10 1
-2 2
+2 1
+3 2
+9 1
-7 1
+7 2
-3 1
-20 1
+12 1
+3 1
+8 1
-3 1
+1 16
cfi=(29)
cfn=(78)
calls=4 109 
* 48
+2 18
-14 3
+10 3
-10 3
+14 3
-12 6
+4 3
+4 3
-7 3
+3 3
+1 3
-2 3
+5 3
+1 3
-4 3
+4 3
+14 1
-11 1
+6 1
+1 1
+5 2
+2 4
+2 3
+38 5
-19 1
-2 1
+2 2
+21 3
cfi=(13)
cfn=(28)
calls=1 79 
* 16
* 8
cfi=(19)
cfn=(46)
calls=1 135 
* 10
* 1
+5 4
-1 2
+2 1
+1 1
-1 15
+1 13
-1 26
-1 56
+5 2
cfi=(18)
cfn=(44)
calls=1 49 
* 24
* 1
-1 1
+1 1
+1 2
+6 6
cfn=(80)
calls=1 445 
* 645
+3 3
+6 1
+4 8
-37 2

fn=(152)
1779 8
+1 1
-1 6
+1 1
+6 2
+5 2
-7 1
+7 1
-8 1
+8 6
+3 3
+9 6
+7 3
-12 1
+13 1
-1 1
cfi=(19)
cfn=(76)
calls=1 122 
* 12
* 1
+47 3
+8 2
-54 58
+3 24
+4 64
cfi=(19)
cfn=(76)
calls=8 122 
* 101
* 32
cfi=(19)
cfn=(76)
calls=8 122 
* 96
+3 16
+3 24
+3 56
cfn=(124)
calls=8 1466 
* 424
* 8
+2 24
+2 16
+65 7
+7 2
-2 1
+2 3
+3 3
-13 1
+27 9
-84 40
+1 64
+6 16
+2 16
-2 24
+2 16
cfi=(48)
cfn=(154)
calls=8 33 
* 101
* 8
+3 8
-3 16
+1 1
+2 1
-2 1
+2 30

fn=(86)
231 4
+3 4
-3 8
+7 4
-7 8
+3 4
cfi=(30)
cfn=(88)
calls=4 24 
* 181
+3 8
+20 28

fn=(124)
1466 110
+39 10
-39 10
+39 20
+31 40
cfi=(38)
cfn=(126)
calls=10 37 
* 204
* 10
+2 20
+11 2
+6 4
-5 2
+5 16
cfi=(39) ./io/../sysdeps/unix/sysv/linux/read_nocancel.c
cfn=(128) __read_nocancel
calls=2 26 
* 10
+2 4
+2 4
+2 4
+6 4
+16 18
-65 8
1765 90
1583 14
+74 4
+5 4
+2 8
+6 4
+6 2
+1 2
-1 6
+1 6
+1 4
+20 8
1543 4
1698 96
+1 40
+1 8
+4 8
+17 2
+8 18
+15 2
+6 3
-3 1
+1 1
+3 1
-3 2
+1 1
-1 1
-1 1
+4 2
1583 3
1761 4
cob=(2)
cfi=(17)
cfn=(92)
calls=2 0 
* 10
* 2
-29 18
-1 2
+4 6
+5 1
+1 2
-36 8

fl=(52)
fn=(310)
117 4
+5 1

fn=(166)
117 20
+5 5

fl=(11)
fn=(20)
31 5
+2 2
+6 1
+1 1

fl=(34)
fn=(104)
30 1
+7 1
+1 1
+2 1
+1 1
+1 1
+1 1
+1 33
+3 2
+7 1
+1 1
+1 1
+1 1
+2 1
+1 1
+1 1
+1 1
+2 1
+1 1
+1 1
+9 3
+12 1
+2 1
+1 1
+1 1
-4 16
+2 16
+1 16
+1 16
+2 16
+1 16
+1 16
+2 16
+1 16
+1 16
+2 16
+1 16
+1 16
+6 1
+7 1
+4 1

fl=(102)
fn=(390)
66 22
+6 22
-6 11
+3 22
+3 33
-4 11
+5 11
+2 11
-2 55
+2 11
-2 11
+2 11
+5 22
+4 22
+4 33
+4 22
+1 44
-7 44
+16 11
-1 11
+1 22
+10 110
cfi=(6)
cfn=(200)
calls=11 841 
* 6398
* 11
+4 55
+10 99
+7 11
+8 44
+4 33
fi=(5)
+97 11
fe=(102)
-93 44
fi=(130) ./elf/../sysdeps/x86_64/dl-irel.h
32 2
cob=(3)
cfi=(68)
cfn=(236)
calls=1 +9 
* 8
cob=(3)
cfi=(70)
cfn=(240)
calls=1 +10 
* 18
* 4
fe=(102)

fl=(47)
fn=(148)
159 2
+1 2
-1 2
+1 1
-1 1
+1 1
-1 1
+1 1
-1 4
+1 1
-8 1
+7 1
+1 1
-1 1
+1 1
-8 2
-6 1
+6 1
-7 1
+15 1
-16 1
+2 1
+6 1
+24 4
-28 3
-2 1
+31 1
-33 2
+2 2
+30 2
-30 1
-1 1
+1 1
+6 4
+24 2
-32 1
+60 1
-60 2
+36 1
+20 1
fi=(54) ./elf/../include/scratch_buffer.h
78 1
fe=(47)
180 1
fi=(54)
77 3
fe=(47)
198 1
+89 1
-89 1
+2 1
+9 1
+4 1
-4 1
+4 2
-4 3
+4 3
-4 3
+4 6
+11 14
-18 2
+18 2
433 8
+2 4
+3 2
-3 2
+3 4
cfi=(18)
cfn=(44)
calls=2 49 
* 48
* 2
* 2
+1 4
+6 2
+1 10
cfi=(19)
cfn=(46)
calls=2 135 
* 20
+1 12
cfi=(19)
cfn=(46)
calls=2 135 
* 20
+4 2
-1 2
+5 16
204 9
+22 2
+11 2
-5 2
-6 4
+5 2
+2 4
+1 4
+3 8
+66 2
-97 2
+97 2
-66 2
+66 6
-55 6
-2 2
+2 2
cfi=(35)
cfn=(114)
calls=2 -73 
* 6134
* 2
+1 4
+9 2
+2 4
+5 2
+6 2
+2 2
-8 4
+3 2
+1 2
+1 2
+1 2
+4 10
+4 4
+1 4
-43 200
+1 100
+6 8
cfi=(26)
cfn=(86)
calls=2 -13 
* 104
* 10
+38 144
fi=(54)
85 3
fe=(47)
464 6
+4 5
+11 4
cfi=(18)
cfn=(44)
calls=1 49 
* 24
* 1
* 1
+2 2
+5 2
+3 2
-3 4
+1 1
+2 1
+2 12
+4 12
+4 4
-10 12
+13 2
+51 3
+2 4
+35 6
cfi=(19)
cfn=(46)
calls=1 135 
* 10
+4 5
cfi=(55)
cfn=(174)
calls=1 28 
* 215
+3 1
+2 1
+1 1
-1 1
+2 2
+7 3
+3 2
+3 8
458 9
-1 4
+1 8
199 3
465 2
214 25
+3 2
fi=(54)
-86 6
cfi=(53) ./malloc/scratch_buffer_set_array_size.c
cfn=(170) __libc_scratch_buffer_set_array_size
calls=2 -97 
* 34
fe=(47)
+86 4
+4 4
554 2
380 6

fn=(150)
61 4
+7 2
-4 4
+1 2
-1 16
cfi=(26)
cfn=(120)
calls=2 1927 
* 5994
* 2
+5 4

fl=(53)
fn=(170)
34 2
-4 2
+1 2
+3 2
-3 2
-1 2
+5 2
-5 4
+5 2
+11 2
-1 4
+18 8

fl=(29)
fn=(78)
109 65
+6 13
+1 13
+1 6
+1 6
+2 4
+1 4
+2 4
+65 2
+1 2
+10 2
+1 2
+1 2
+1 2
+1 2
+1 2
+1 2
+1 2
+1 2
+1 2
+1 2
+1 2
+1 2
+1 2
+2 40
+1 40
+1 40
+1 40
+1 40
+1 40
+1 40
+1 2
+15 7
+1 7
+1 7
+1 6
+1 6
+1 2
+1 2
+24 1
+1 1
+2 1
+3 4
+1 4
+2 4
+3 2
+1 2
+2 2

fl=(39)
fn=(128)
26 8
+1 2

fl=(1) ???
fn=(0) 0x0000000000001090
0 2
cfi=(2)
cfn=(2)
calls=1 499 
0 105696
0 14
cfi=(84)
cfn=(314)
calls=1 79 
0 2080
0 3
cob=(5)
cfi=(93)
cfn=(350) _start
calls=1 0 
0 25676083

fl=(25)
fn=(68)
120 4
+2 1

fl=(114) ./elf/dl-open.c
fn=(432) _dl_find_dso_for_object
201 5
+4 5
+1 4
+1 12
+1 2
-2 6
+5 2
+4 7

ob=(4)
fl=(85)
fn=(666) 0x0000000000001050
0 5

fn=(322)
0 11

fn=(656)
0 8
cob=(2)
cfi=(17)
cfn=(662) 0x000000000482e040
calls=1 0 
0 75
0 1
cfn=(666)
calls=1 0 
0 5
0 3

ob=(2)
fl=(17)
fn=(636) 0x00000000001090d0
0 1
cob=(3)
cfi=(145) ./stdlib/cxa_finalize.c
cfn=(638) __cxa_finalize
calls=1 30 
0 74

fn=(92)
0 3
cob=(1)
cfi=(18)
cfn=(94)
calls=3 111 
0 12

fn=(414) 0x0000000004865308
0 2
cob=(3)
cfi=(110) ./malloc/malloc.c
cfn=(416) malloc
calls=2 3031 
0 75150

fn=(654)
0 3

fn=(364) 0x0000000000109000
0 6

fn=(672)
0 3

fn=(662)
0 1
cob=(3)
cfi=(145)
cfn=(638)
calls=1 30 
0 74

fn=(318)
0 6

ob=(5)
fl=(93)
fn=(350)
0 11
cob=(3)
cfi=(94) ./csu/../csu/libc-start.c
cfn=(352) (below main)
calls=1 137 
0 25676072

fn=(368) 0x0000000000001430
0 11

fn=(630)
0 8
cob=(2)
cfi=(17)
cfn=(636)
calls=1 0 
0 75
0 1
cfn=(648) 0x0000000000001380
calls=1 0 
0 5
0 3

fn=(648)
0 5

fn=(362) __libc_csu_init
0 14
cob=(2)
cfi=(17)
cfn=(364)
calls=1 0 
0 6
0 8
cfn=(368)
calls=1 0 
0 11
0 11

fl=(100) /mnt/c/Users/Pietro Ammaturo/github/WordChecker/main.c
fn=(492) findOrAddChild
428 6250
+4 15189
+3 415
+2 435
cfn=(494) addChildBetween
calls=87 +14 
* 37890
* 1920
cfn=(494)
calls=384 +14 
* 167077
* 942
+5 471
+4 471
-4 471
+6 2355
-6 154
+4 154
-4 154
+6 770

fn=(526) findWord
170 152
+2 304
+2 228
-2 76
+2 76
477 152
174 288
-2 288
+2 288
477 8694
+3 360
170 1077
+13 142
-2 5
+3 5

fn=(602) countFiltered
574 1984
+3 744
+5 765
-1 765
+3 1984
-7 753
+1 502

fn=(614) printDictionary
556 65
+4 39
+5 39
+5 1230
-1 1230
+3 52
-1 129
cfn=(615) printDictionary'2
calls=43 -15 
* 65751
* 43

fn=(615)
556 2015
+4 1209
+5 1209
+5 1185
-1 1185
+3 1204
-1 1080
cfn=(615)
calls=360 -15 
* 243829
* 360
+1 102
-6 408
+6 204
-6 102
cob=(3)
cfi=(135) ./stdio-common/printf.c
cfn=(564) printf
calls=102 28 
* 55386
* 102

fn=(616) validBranch
325 35
+4 5
-4 5
+4 15
+1 5
-1 5
+1 5
-1 10
+1 168
-1 168
+1 168
-1 509
+1 173
-1 173
+1 173
-1 346
+1 171
-1 171
+1 171
-1 342
+1 410
-1 1230
+1 482
-1 1446
+1 501
-1 2004
+3 1002
-3 1484
+3 964
-3 1374
+3 820
-3 820
+3 344
-3 344
+3 688
-3 861
+3 173
-3 173
+3 346
-3 346
+3 15
+2 40

fn=(516) startMatch
717 50
+1 5
-1 20
+9 35
+1 5
-1 5
+1 5
cob=(3)
cfi=(125) ./libio/getc.c
cfn=(488) getc
calls=5 34 
* 1020
* 5
* 20
-1 20
+1 20
cob=(3)
cfi=(125)
cfn=(488)
calls=20 34 
* 340
* 20
* 25
-1 50
+3 10
cob=(3)
cfi=(125)
cfn=(488)
calls=5 34 
* 85
* 5
+2 20
cob=(3)
cfi=(103) ./stdio-common/isoc99_scanf.c
cfn=(394) __isoc99_scanf
calls=5 25 
* 3970
* 5
* 5
+6 10
cob=(3)
cfi=(125)
cfn=(488)
calls=5 34 
* 85
* 5
* 10
cob=(3)
cfi=(125)
cfn=(488)
calls=5 34 
* 1020
* 5
* 10
+1 40
+2 10
+2 30
cob=(3)
cfi=(131) ./string/../sysdeps/x86_64/multiarch/memset-vec-unaligned-erms.S
cfn=(524) __memset_avx2_unaligned_erms
calls=4 168 
* 164
cob=(1)
cfi=(101)
cfn=(388)
calls=1 72 
* 707
* 9
+3 20
150 5
745 15
+3 5
-3 175
+3 195
+2 5
150 30
-17 51
+5 5
+2 5
-2 10
751 25
-1 25
+1 25
-1 50
+1 25
128 25
751 25
128 50
+2 16
+5 24
754 5
583 5
756 5
-2 5
+3 5
583 5
754 15
+3 25
+3 13
+24 456
+2 76
+1 76
-3 76
+3 76
cob=(3)
cfi=(125)
cfn=(488)
calls=76 34 
* 1292
* 76
-1 304
+1 304
-3 304
+3 304
cob=(3)
cfi=(125)
cfn=(488)
calls=304 34 
* 5168
* 304
-3 760
+6 304
cfn=(526)
calls=76 170 
* 12135
* 152
+34 10
cob=(3)
cfi=(132) ./libio/ioputs.c
cfn=(532) puts
calls=4 33 
* 612
cob=(1)
cfi=(101)
cfn=(388)
calls=1 72 
* 1265
* 9
+4 200
+7 10
cob=(3)
cfi=(132)
cfn=(532)
calls=5 33 
* 785
* 5
+1 10
cfn=(616)
calls=5 325 
* 18685
+4 40
-10 190
cob=(3)
cfi=(125)
cfn=(488)
calls=95 34 
* 19380
* 95
-73 190
+3 190
+2 120
cob=(3)
cfi=(126) ./libio/iofgets.c
cfn=(500) fgets
calls=24 37 
* 4056
* 24
+3 170
+3 52
cfn=(614)
calls=13 556 
* 68578
* 13
+3 88
+2 44
cfn=(482) addWords
calls=11 260 
* 177929
+2 33
-2 11
+2 11
cob=(3)
cfi=(126)
cfn=(500)
calls=11 37 
* 1881
* 11
+3 44
cfn=(596) filterDictionary
calls=11 492 
* 390213
* 11
+16 213
-1 71
+1 71
cob=(3)
cfi=(134) ./string/../sysdeps/x86_64/multiarch/strcmp-avx2.S
cfn=(556) __strncmp_avx2
calls=70 82 
* 1820
cob=(1)
cfi=(101)
cfn=(388)
calls=1 72 
* 733
* 75
* 142
+11 213
+3 71
-3 71
-4 71
+7 142
-3 2343
+3 426
cfn=(558) compareWords
calls=71 586 
* 23367607
+4 2556
341 355
+1 6792
-1 6792
+4 71
817 284
cfn=(596)
calls=71 492 
* 1264750
577 213
+5 6792
-1 6792
820 284
cob=(3)
cfi=(135)
cfn=(564)
calls=71 28 
* 39447
* 71
* 71
343 319
cfn=(612) resetFiltered
calls=319 -6 
* 38116
* 319
577 459
+5 504
-1 1152
+1 693
-5 615
+5 631
-1 789
+1 174
-5 681
+5 681
-1 918
+1 237
+1 496
cfn=(602)
calls=248 -9 
* 7497
* 248

fn=(612)
337 2233
+4 319
-4 319
+4 638
+1 2720
-1 2040
+4 638
+1 2552
-5 1912
+1 2340
-1 2233
+4 956
+1 478
-5 2385
+1 1797
-1 2274
+4 954
+1 477
-5 3174
+1 1653
-1 2711
+4 529
+1 529
-5 1353
+4 451
+1 451

fn=(380) main
842 1
+11 2
-11 6
+11 2
cob=(1)
cfi=(101)
cfn=(388)
calls=1 72 
* 76510
* 5
+3 6
cfn=(476) addNode
calls=1 222 
* 880
+3 1
-3 1
+3 3
cob=(3)
cfi=(110)
cfn=(416)
calls=1 3031 
* 191
* 1
+2 1
-2 2
+2 1
cob=(3)
cfi=(110)
cfn=(416)
calls=1 3031 
* 189
* 1
+2 1
-2 1
+2 1
cob=(3)
cfi=(110)
cfn=(416)
calls=1 3031 
* 189
* 1
+2 1
-2 2
+2 1
cob=(3)
cfi=(110)
cfn=(416)
calls=1 3031 
* 189
* 1
+2 1
-2 1
+2 1
cob=(3)
cfi=(110)
cfn=(416)
calls=1 3031 
* 189
* 1
* 1
+2 12
+3 2
+4 1
-4 2
cfn=(482)
calls=1 260 
* 113540
+4 3
-4 1
+4 1
cob=(1)
cfi=(101)
cfn=(388)
calls=1 72 
* 856
* 5
+3 3
+7 2
cob=(3)
cfi=(125)
cfn=(488)
calls=1 34 
* 204
* 1
* 1
+1 4
+9 1
+2 1
+3 2
-3 1
-8 2
+19 8
cob=(3)
cfi=(125)
cfn=(488)
calls=4 34 
* 816
* 4
-19 8
+2 16
cob=(3)
cfi=(126)
cfn=(500)
calls=4 37 
* 684
* 4
+4 32
+2 40
cfn=(516)
calls=4 717 
* 21346560
* 12
+20 9
-39 6
+2 10
cfn=(516)
calls=1 717 
* 4133184
* 3

fn=(596)
492 656
+5 246
+54 328
+1 7854
-1 7854
+3 492
-1 1002
cfn=(597) filterDictionary'2
calls=334 -61 
* 1636197
* 334

fn=(597)
492 18680
+5 7005
+54 786
+1 6837
-1 6837
+3 11544
-1 6003
cfn=(597)
calls=2001 -61 
* 4045392
* 2001
128 2335
499 2335
128 4670
+5 4212
+5 1290
+5 84
505 102
135 974
505 1948
-5 974
+4 2922
cob=(3)
cfi=(135)
cfn=(564)
calls=974 28 
* 414471
* 974
-4 1361
+4 4083
cob=(3)
cfi=(135)
cfn=(564)
calls=1361 28 
* 579859
* 1361
+1 7005
+3 14010
+10 7906
+10 7206
+5 888
-3 3108
+3 50904
-3 178164
+9 888
+8 786
cfn=(600) lowerCounters
calls=262 401 
* 33455
* 262
-37 1145
cob=(3)
cfi=(135)
cfn=(564)
calls=229 28 
* 182517
* 229
+33 411
+1 411
-1 411
cfn=(598) cutBranch
calls=411 371 
* 19947
+11 2055
-10 411
cfn=(600)
calls=411 401 
* 35130
130 931
505 1862
130 955
+10 388
505 776
140 388

fn=(490) addWord
241 1000
+1 125
+8 500
-3 125
+3 375
+3 625
-3 125
+3 125
cfn=(492)
calls=125 428 
* 32397
* 2500
-3 500
+3 500
cfn=(492)
calls=500 428 
* 202721
* 625
+2 1250
-5 1250
+8 1125

fn=(600)
401 673
+11 673
-11 1346
+5 30041
+6 1666
128 1666
412 1666
128 3332
+5 3024
+5 795
412 155
-11 93
+11 3270
-11 5214
+18 309
128 309
419 309
128 618
419 364
128 364
419 364
128 728
+5 1200
+5 501
419 44
+1 11
135 233
419 699
+1 233
130 273
419 819
+1 273
140 234
412 468
140 234
-10 658
412 1316
130 658
+10 156
419 468
+1 156
135 743
412 1486
135 743

fn=(476)
222 1
+2 1
-2 7
+2 1
cob=(1)
cfi=(101)
cfn=(388)
calls=1 72 
* 849
* 5
* 1
+1 2
+2 1
+1 1
+1 1
+1 2
+2 1
+7 7

fn=(494)
451 4239
+3 471
-3 1413
+3 471
cob=(3)
cfi=(110)
cfn=(416)
calls=471 3031 
* 92316
* 471
* 471
+2 942
+2 471
224 942
cob=(3)
cfi=(110)
cfn=(416)
calls=471 3031 
* 92316
* 471
* 471
+1 942
+2 471
+1 471
+1 471
+1 942
+2 471
459 471
+2 942
+2 82
+8 4239

fn=(558)
586 781
+7 710
+3 426
cob=(3)
cfi=(131)
cfn=(524)
calls=71 168 
* 1136
* 71
+2 355
cob=(3)
cfi=(131)
cfn=(524)
calls=71 168 
* 1136
* 71
* 142
+18 71
-23 71
150 142
616 142
133 549
+5 59
+2 59
-2 118
+12 30
621 10
-21 10
+21 10
-21 20
+21 318
-21 318
+21 318
-21 636
+2 1775
128 328
621 656
128 656
+2 290
+5 248
605 27
+6 27
-6 27
+6 27
-4 27
+4 108
+3 27
128 27
614 27
128 54
+5 63
+5 8
+2 8
-2 16
614 54
+2 27
128 81
+5 63
+5 24
600 27
+16 27
-16 622
+42 213
-11 213
-5 142
+5 852
-5 568
+2 6852
+3 3560
+3 42
+6 19
+2 19
128 57
+5 33
+5 6
642 19
+2 19
+13 19
150 38
665 19
-3 133
150 672
665 336
-3 2352
+3 1306
-3 9142
+10 710
-48 1420
150 142
+44 9088
+14 13596
+2 16
-19 13632
682 142
+3 142
-3 284
+2 142
+1 213
-1 71
+1 284
cob=(3)
cfi=(135)
cfn=(564)
calls=70 28 
* 42120
cob=(1)
cfi=(101)
cfn=(388)
calls=1 72 
* 1303
* 75
-1 568
+1 852
-1 284
+1 1136
cob=(3)
cfi=(135)
cfn=(564)
calls=284 28 
* 170568
* 284
* 67095
-1 22365
+1 89460
cob=(3)
cfi=(135)
cfn=(564)
calls=22365 28 
* 13412556
* 22365
-1 45440
+2 355
-4 355
+4 355
cob=(3)
cfi=(139) ./libio/putchar.c
cfn=(584) putchar
calls=354 25 
* 17700
cob=(1)
cfi=(101)
cfn=(388)
calls=1 72 
* 703
* 359
-4 781
+6 71
+8 71
-8 71
cob=(3)
cfi=(139)
cfn=(584)
calls=71 25 
* 3550
* 71
+3 426
cob=(3)
cfi=(135)
cfn=(564)
calls=71 28 
* 38553
* 71
+2 142
cob=(3)
cfi=(132)
cfn=(532)
calls=71 33 
* 11431
* 71
+1 71
+2 213
-2 71
+2 71
cob=(3)
cfi=(135)
cfn=(564)
calls=71 28 
* 35642
* 71
* 13419
-2 4473
+2 4473
cob=(3)
cfi=(135)
cfn=(564)
calls=4473 28 
* 2246001
* 4473
-2 9088
+4 284
cob=(3)
cfi=(132)
cfn=(532)
calls=71 33 
* 10863
* 71
+3 355
-2 71
+2 71
cob=(3)
cfi=(135)
cfn=(564)
calls=71 28 
* 35642
* 71
* 13419
-2 4473
+2 4473
cob=(3)
cfi=(135)
cfn=(564)
calls=4473 28 
* 2247089
* 4473
-2 9088
+4 284
cob=(3)
cfi=(132)
cfn=(532)
calls=71 33 
* 10863
* 71
+1 71
+2 355
-2 71
+2 71
cob=(3)
cfi=(135)
cfn=(564)
calls=71 28 
* 35642
* 71
* 13419
-2 4473
+2 4473
cob=(3)
cfi=(135)
cfn=(564)
calls=4473 28 
* 2246103
* 4473
-2 9088
+4 142
+3 71
-3 71
cob=(3)
cfi=(132)
cfn=(532)
calls=71 33 
* 11289
* 71
+1 71
+2 213
-2 71
+2 71
cob=(3)
cfi=(135)
cfn=(564)
calls=71 28 
* 35642
* 71
* 13419
-2 4473
+2 4473
cob=(3)
cfi=(135)
cfn=(564)
calls=4473 28 
* 2248660
* 4473
-2 9088
+6 568
-64 4
130 8
642 16
130 8
+5 9
642 18
135 1851
-2 2550
+5 285
+2 285
-2 570
+12 200
676 100
-2 150
+2 2970
-2 4455
+2 2456
128 1228
676 1228
128 2763
676 307
128 614
+2 1370
+5 1130
+5 2
642 4
140 2
-10 6
616 12
130 18
+5 39
616 26
135 13
+5 8
616 16
140 8
655 672
128 2
657 2
128 4
+5 6
657 6
+1 2
128 2
658 2
128 4
+5 6
658 4
+7 4
135 8

fn=(482)
260 108
+7 24
cob=(3)
cfi=(125)
cfn=(488)
calls=11 34 
* 2244
cob=(1)
cfi=(101)
cfn=(388)
calls=1 72 
* 681
* 16
* 2
cob=(3)
cfi=(125)
cfn=(488)
calls=1 34 
* 204
* 1
+1 52
+3 60
+3 500
+2 125
+1 125
-3 125
+3 125
cob=(3)
cfi=(125)
cfn=(488)
calls=125 34 
* 2125
* 125
-1 500
+1 500
-3 500
+3 500
cob=(3)
cfi=(125)
cfn=(488)
calls=500 34 
* 8500
* 500
-3 1250
+6 500
cfn=(490)
calls=125 -39 
* 245868
+2 250
cob=(3)
cfi=(125)
cfn=(488)
calls=125 34 
* 25500
* 125
-11 250
+16 84

fn=(598)
371 411
+4 411
+2 1233
+4 13145
+8 1570
-12 2355
+17 822

ob=(3)
fl=(88) ./string/../sysdeps/x86_64/multiarch/strrchr-avx2.S
fn=(334) __strrchr_avx2
43 1
+1 1
+2 1
+1 1
+3 1
+1 1
+1 1
+33 1
+1 1
+1 1
+1 1
+1 1
+1 1
+1 1
+1 1
+1 1
+1 1
+3 1
+1 1
+9 1
+1 1
+99 1
+1 1
+8 1
+1 1
+1 1
+1 1
+1 1
+2 1
+1 1
+1 1
+1 1
+1 1

fl=(103)
fn=(394)
25 72
+4 6
+1 12
-1 12
+1 6
-1 6
+1 6
-1 6
+1 6
-1 6
+1 6
cfi=(104) ./stdio-common/vfscanf-internal.c
cfn=(396) __vfscanf_internal
calls=6 278 
* 79640
+4 30

fl=(136) ./stdio-common/vfprintf-internal.c
fn=(566) __vfprintf_internal
1289 524448
+31 218520
+8 131112
+4 218520
+11 131112
+11 87408
fi=(150) ./stdio-common/printf-parse.h
111 87408
fe=(136)
1354 87408
fi=(150)
111 43704
cfi=(137) ./string/../sysdeps/x86_64/multiarch/strchr-avx2.S
cfn=(570) __strchrnul_avx2
calls=43704 -66 
* 789883
* 43704
fe=(136)
1369 87408
fi=(150)
111 43704
fe=(136)
1365 43704
+4 43704
+4 43704
fi=(140) ./stdio-common/../libio/libioP.h
941 43704
+2 43704
-2 87408
+2 43704
-2 43704
+2 43704
+1 87408
fe=(136)
1373 262224
cfi=(107) ./libio/fileops.c
cfn=(540) _IO_file_xsputn@@GLIBC_2.2.5
calls=43704 1198 
* 2012760
* 174816
+4 43704
-4 43704
+4 87408
+4 305928
-57 43704
+57 43704
-23 43704
-8 43704
+73 351464
-13 43933
-1 43933
+14 43933
-3 43933
-4 43933
-9 43933
+16 43933
-15 43933
+7 43933
-3 43933
+11 87866
-17 43933
-1 43933
+18 87866
-19 43933
-1 43933
+20 43933
-3 43933
-9 43933
-9 43933
+17 87866
-91 87408
1741 305928
+1 131112
+3 524448
1369 305928
+1 305928
fi=(105) ./stdio-common/../sysdeps/unix/sysv/linux/x86/lowlevellock.h
47 87408
fe=(136)
1370 174816
1741 262224
-36 43933
+2 87866
+8 43933
fi=(150)
111 87866
fe=(136)
1715 43933
fi=(150)
111 43933
fe=(136)
1715 43933
fi=(150)
111 43933
cfi=(137)
cfn=(570)
calls=43933 -66 
* 791486
* 43933
fe=(136)
1719 43933
-4 43933
+4 131799
fi=(140)
943 131799
+1 87866
fe=(136)
1719 263598
cfi=(107)
cfn=(540)
calls=43933 1198 
* 2046199
* 571129
+2 131570
-33 80550
cfi=(133) ./string/../sysdeps/x86_64/multiarch/strlen-avx2.S
cfn=(592) __strnlen_avx2
calls=173 45 
* 3287
* 173
* 1730
fi=(140)
943 519
+1 519
fe=(136)
1688 865
cfi=(107)
cfn=(540)
calls=173 1198 
* 11245
* 1903
-1 453156
cfi=(138) ./stdio-common/_itoa.c
cfn=(578) _itoa_word
calls=41196 165 
* 1029956
* 1321336
fi=(140)
943 123588
+1 82392
fe=(136)
1687 247176
cfi=(107)
cfn=(540)
calls=41196 1198 
* 2721932
* 823920
1574 519
+1 519
+69 2249
+43 470349
+1 82392
-1 397831
1579 519
+1 692
+15 1384
+3 692
+18 865
+71 411960
+1 4
cfi=(106) ./libio/genops.c
cfn=(618) __overflow
calls=1 199 
* 172
* 3
-44 519
+43 82392

fl=(81)
fn=(290)
34 1
-1 2
+1 1
-2 2
+2 3
+1 2
fi=(82) ./wcsmbs/../sysdeps/x86_64/multiarch/wmemcmp.c
-6 1
fe=(81)

fl=(98) ./setjmp/../sysdeps/x86_64/setjmp.S
fn=(376) __sigsetjmp
32 1
+9 1
+1 2
+1 1
+4 1
+1 1
+1 1
+1 1
+1 1
+2 2
+2 1
+1 1
+3 2
+2 1
+23 1
cfi=(99) ./setjmp/sigjmp.c
cfn=(378) __sigjmp_save
calls=1 -56 
* 8

fl=(112) ./malloc/arena.c
fn=(422) ptmalloc_init.part.0
289 5
+13 1
-8 1
+8 1
+6 3
fi=(110)
1795 4
+3 2
-3 3
+3 252
-3 378
+11 1
fe=(112)
313 2
fi=(110)
1807 1
fe=(112)
313 1
fi=(110)
1809 1
fe=(112)
313 2
cob=(1)
cfi=(101)
cfn=(389)
calls=1 72 
* 839
* 5
+1 4
cob=(1)
cfi=(8)
cfn=(26)
calls=1 +53 
* 19
* 1
+1 4
cob=(1)
cfi=(8)
cfn=(26)
calls=1 +52 
* 18
* 1
+1 4
cob=(1)
cfi=(8)
cfn=(26)
calls=1 +51 
* 19
* 1
+1 4
cob=(1)
cfi=(8)
cfn=(26)
calls=1 +50 
* 19
* 1
+1 4
cob=(1)
cfi=(8)
cfn=(26)
calls=1 +49 
* 18
* 1
+1 4
cob=(1)
cfi=(8)
cfn=(26)
calls=1 +48 
* 19
* 1
+1 4
cob=(1)
cfi=(8)
cfn=(26)
calls=1 +47 
* 19
* 1
+2 4
cob=(1)
cfi=(8)
cfn=(26)
calls=1 +45 
* 19
* 1
+1 4
cob=(1)
cfi=(8)
cfn=(26)
calls=1 +44 
* 19
* 1
+1 4
cob=(1)
cfi=(8)
cfn=(26)
calls=1 +43 
* 19
* 1
+3 4
cob=(1)
cfi=(8)
cfn=(26)
calls=1 +40 
* 19
* 1
+69 2
+1 2
+3 1
+1 6
-98 5
cfi=(113) ./elf/dl-addr.c
cfn=(424) _dl_addr
calls=1 126 
* 72477
* 2
+1 4

fl=(76)
fn=(262)
37 5
+6 1

fl=(116) ./malloc/morecore.c
fn=(448) __default_morecore
46 2
+1 2
cfi=(117) ./misc/sbrk.c
cfn=(450) sbrk
calls=2 -15 
* 66
+2 6
+3 4

fl=(124) ./stdlib/../stdlib/strtol_l.c
fn=(474) ____strtol_l_internal
226 12
+54 6
-54 24
+19 6
-19 24
+26 12
+31 24
+9 36
+2 12
+5 12
+5 6
-6 6
+7 18
+3 18
+10 12
+10 24
-82 12
434 24
310 6
450 6
+10 18
-10 6
+10 6
+12 12
-5 11
+5 11
+1 33
-41 22
+2 32
+2 33
+28 33
+3 22
+11 12
+5 18
+1 6
+5 12
325 12
492 18
-2 12
+17 30
+18 48

fl=(141) ./io/../sysdeps/unix/sysv/linux/write.c
fn=(610) write
26 231
+1 33

fl=(121) ./io/../sysdeps/unix/sysv/linux/read.c
fn=(466) read
26 1518
+1 253

fl=(58)
fn=(230)
45 3
-1 2
+5 2
-1 2
+12 2
+2 5

fn=(208)
45 6
-1 4
+5 4
-1 4
+12 4
+2 10

fn=(256)
45 3
-1 2
+5 2
-1 2
+12 2
+2 5

fl=(91)
fn=(342) handle_intel.constprop.0
259 21
+2 9
+3 6
+8 6
+3 6
-2 3
+2 3
-5 6
+11 15
+5 6
+2 3
+1 3
-1 3
+5 12
cfn=(344) intel_check_word.constprop.0
calls=3 132 
* 993
+2 6
+3 15
cfn=(344)
calls=3 132 
* 317
+2 6
+19 33

fn=(344)
132 18
-4 24
+10 18
-10 6
+10 24
+2 12
+68 18
+3 36
-71 24
+2 15
+2 30
+8 30
+51 24
+22 12
fi=(92) ./string/../bits/stdlib-bsearch.h
28 12
-1 24
+8 66
-6 162
+2 162
+1 81
fe=(91)
+87 162
+3 81
fi=(92)
-85 30
fe=(91)
+97 3
255 24
-91 9
+3 9
-6 3
+3 6
+9 6
+1 6
+22 5
-32 15
+3 15
+4 16
+2 32
+2 14
+1 4
+5 3
+2 6
+2 3
+2 3
+1 3
-2 3
-1 3
+2 6
-2 3
+3 3
-2 9
+2 9
-11 10
+1 6
+1 2

fn=(340)
488 7
+14 2
769 1
+13 1
502 2
772 2
+2 1
+1 1
+2 1
-3 1
+5 1
-5 1
+4 3
+4 2
+3 2
+2 1
+1 1
+2 1
-3 1
+5 1
-5 1
+4 3
+15 1
+2 6
-2 1
+3 8
500 1
+4 1
-4 1
+4 1
cfn=(342)
calls=1 259 
* 457
+2 1
-2 1
+2 1
cfn=(342)
calls=1 259 
* 495
+5 1
-5 1
+5 1
cfn=(342)
calls=1 259 
* 520
* 1
+8 2
-9 1
+20 1
+5 2
+4 2
+8 6
+3 4
+6 2
-6 9
+6 6
+3 26
+14 2
+4 1
+3 1
+1 1
-4 1
+3 1
-3 1
+3 1
+6 4
-39 6
691 4
+1 5
+4 2
+73 2
564 2
+4 1
+1 1
-1 2
+1 1
+23 2
+8 2
+2 1
-2 6
+2 4
-2 1
+4 1
+23 2
-25 2
+2 6
+2 6
+3 2
+1 8
+2 4
+3 2
+5 1
+2 2
+1 1
+1 1
-2 2
+1 1
+1 1
+27 2
+1 2
+2 1
-1 1
+1 1
-24 2
-7 1
+11 2
+3 1
+2 4
+1 1
+5 2

fl=(142) ./stdlib/exit.c
fn=(622) __run_exit_handlers
40 10
+5 3
+11 3
fi=(96) ./stdlib/../sysdeps/unix/sysv/linux/x86/lowlevellock.h
-9 1
fe=(142)
+9 3
fi=(96)
-9 1
fe=(142)
+9 2
fi=(96)
-9 2
fe=(142)
+12 2
+2 5
+51 1
fi=(96)
-65 1
fe=(142)
+65 2
fi=(96)
-65 1
fe=(142)
+67 2
-44 6
+2 1
+1 1
-1 1
+4 4
+1 8
+29 1
+2 1
-5 1
+5 1
-2 2
+2 1
cob=(1)
cfi=(144)
cfn=(628)
calls=1 -78 
* 697
+1 1
+11 2
+1 2
+5 5
-61 1
+1 4
+63 2
+1 6
cfi=(106)
cfn=(674) _IO_cleanup
calls=1 863 
* 626
* 3
+2 2
cfi=(148) ./posix/../sysdeps/unix/sysv/linux/_exit.c
cfn=(692) _Exit
calls=1 27 
* 4
-86 1
cfi=(143) ./stdlib/cxa_thread_atexit_impl.c
cfn=(624) __call_tls_dtors
calls=1 +99 
* 11
* 1

fn=(620) exit
138 1
+1 4
cfn=(622)
calls=1 -99 
* 1435

fl=(126)
fn=(500)
37 80
-5 280
+7 120
+8 560
+4 40
-4 80
+4 40
+1 40
+1 80
-1 40
+1 160
-2 40
+2 40
cfi=(127) ./libio/iogetline.c
cfn=(502) _IO_getline
calls=40 -19 
* 3952
+3 40
+1 40
-1 80
fi=(120) ./libio/libioP.h
885 400
fe=(126)
66 280
-10 80
+4 40
+3 160
fi=(120)
884 120
fe=(126)

fl=(68)
fn=(236)
41 6
-2 2
+2 2
-2 4
+15 2

fl=(131)
fn=(524)
168 441
+5 147
+1 147
+1 5
+1 5
+8 5
+1 5
+3 5
+1 5
+10 5
+1 5
+1 5
+1 5
+1 5
+1 5
+1 5
+1 5
+1 5
+1 5
+1 5
+1 5
+1 5
+1 5
+2 10
+1 10
+1 10
+1 10
+1 10
+1 10
+1 10
+1 5
+1 5
+11 142
+1 142
+2 142
+1 142
+1 142
+1 142
+1 142
+32 142
+1 142
+1 142
+1 142

fl=(64)
fn=(222)
32 3
-2 5
fi=(151) ./string/../sysdeps/x86_64/multiarch/strrchr.c
-2 1
fe=(64)

fn=(270)
32 3
-2 5
fi=(152) ./string/../sysdeps/x86_64/multiarch/memrchr.c
-1 1
fe=(64)

fn=(244)
32 6
-2 10
fi=(153) ./string/../sysdeps/x86_64/multiarch/strnlen.c
+1 2
fe=(64)

fn=(294)
32 3
-2 5
fi=(154) ./string/../sysdeps/x86_64/multiarch/strchrnul.c
+1 1
fe=(64)

fn=(224)
32 3
-2 5
fi=(155) ./string/../sysdeps/x86_64/multiarch/rawmemchr.c
+1 1
fe=(64)

fn=(268)
32 3
-2 5
fi=(156) ./string/../sysdeps/x86_64/multiarch/strlen.c
-1 1
fe=(64)

fn=(276)
32 3
-2 5
fi=(157) ./string/../sysdeps/x86_64/multiarch/memchr.c
-1 1
fe=(64)

fl=(110)
fn=(444) _int_malloc
3513 6657
1208 1902
+2 4755
3553 8
+24 8
+61 949
+2 949
-2 949
+2 1898
4147 8559
1210 1894
3553 1894
4131 1894
3577 1894
+58 8
+62 67
+1 6
3577 8
1210 8
3582 8
+2 8
-2 1886
+2 1886
+5 5670
4133 1898
3637 949
4133 12337
3718 949
-1 949
-1 949
+1 1898
+1 1900
-1 2
-1 2
+1 4
+1 4
-2 1900
+6 950
+6 950
+67 2850
-67 2850
-6 1
+6 1
+67 3
-67 3
3917 1902
+2 6
+3 2
-3 2
+3 4
+68 1902
+1 951
+1 951
-1 951
+3 951
-2 951
+2 951
-1 1902
+1 951
+5 1902
+7 11388
-3 11394
4103 951
+1 1902
+2 1902
+3 2854
+17 3
3638 6
4141 4
cfn=(446) sysmalloc
calls=1 2255 
* 227
* 1
+1 2
-22 2853
cfn=(454) alloc_perturb
calls=951 1868 
* 3804
+1 951
-7 950
-3 950
+1 950
-1 950
+3 950
-1 950
+1 950
+2 950
-2 4750
+2 950
+3 1900

fn=(416)
3031 950
-8 3800
+8 950
+1 1900
1208 1898
+2 3796
3044 3796
+3 1898
+9 2847
+2 2847
cfn=(444)
calls=949 3513 
* 142328
* 949
+1 6643
+23 4745
1210 945
3042 2835
+7 2844
-16 1
+49 3
-49 1
cfi=(111) ./malloc/hooks.c
cfn=(418) malloc_hook_ini
calls=1 30 
* 74949

fn=(417) malloc'2
3031 1
-8 4
+8 1
+1 2
1208 2
+2 4
3044 4
+12 3
+2 3
cfn=(444)
calls=1 3513 
* 149
* 1
+1 7
+23 5
1210 1
3042 3
-64 4
cfn=(440) tcache_init.part.0
calls=1 +3 
* 472
+69 2
+1 4
+1 3

fn=(440)
2981 1
-9 1
+9 6
fi=(115) ./malloc/../sysdeps/unix/sysv/linux/x86/lowlevellock.h
47 2
fe=(110)
2982 3
cfn=(444)
calls=1 3513 
* 358
* 1
+1 2
+8 4
+7 2
+2 1
+1 2
-1 1
+1 86
+3 2

fn=(446)
2255 8
+20 2
+11 2
+1 5
fi=(112)
536 3
fe=(110)
2302 4
+66 1
+1 3
+1 1
+9 4
+6 3
+3 3
2705 2
+1 1
+5 2
+3 2
+5 1
-2 1
+5 1
-6 1
+3 2
-1 1
+1 2
+1 1
-1 2
+1 1
+8 9
2379 5
-77 2
2449 2
+11 1
+8 2
+2 5
cfi=(116)
cfn=(448)
calls=1 46 
* 55
+4 3
-4 1
+4 1
+3 2
+1 2
+48 1
-2 2
+2 1
-2 2
+2 1
+6 2
-7 2
2662 1
-1 1
-1 1
+1 2
+1 1
-1 1
+1 1
+11 2
2535 4
+40 3
+22 2
+1 5
+2 1
+1 5
cfi=(116)
cfn=(448)
calls=1 46 
* 25
+12 3
-12 1
+12 1
+8 2
+1 2
+1 3

fn=(454)
1868 2853
+2 951

fl=(139)
fn=(584)
25 2556
+2 5112
fi=(119) ./libio/../sysdeps/unix/sysv/linux/x86/lowlevellock.h
+20 852
fe=(139)
-20 426
+1 426
-1 852
+1 2982
fi=(120)
884 852
+1 4260
fe=(139)
31 2982

fl=(75)
fn=(260)
32 4
-2 2
+2 6
-2 4
+5 2
-1 2
+1 2
-1 6
fi=(158) ./wcsmbs/../sysdeps/x86_64/multiarch/wmemset.c
-3 4
fe=(75)

fl=(127)
fn=(504) _IO_getline_info
49 520
+2 80
+2 120
+2 160
+28 40
+2 200
cfi=(128) ./string/../sysdeps/x86_64/multiarch/memchr-avx2.S
cfn=(508) __memchr_avx2
calls=40 -42 
* 880
* 40
* 40
+1 80
-29 120
+1 80
+31 40
+1 40
-2 80
+1 40
+1 80
+2 40
+2 80
+2 200
cfi=(129) ./string/../sysdeps/x86_64/multiarch/memmove-vec-unaligned-erms.S
cfn=(512) __memcpy_avx_unaligned_erms
calls=40 233 
* 432
* 40
+1 40
+1 40
-1 40
+10 320

fn=(502)
34 80
cfn=(504)
calls=40 +15 
* 3872

fl=(86)
fn=(328)
52 3
+3 3
+14 1
+8 1
-10 1
+1 1
+1 1
+8 1
cfi=(87) ./misc/init-misc.c
cfn=(330) __init_misc
calls=1 -46 
* 58
+8 2
-5 1
cfi=(89) ./ctype/ctype-info.c
cfn=(336) __ctype_init
calls=1 -49 
* 16
-18 1
-7 1
+7 4

fl=(125)
fn=(488)
34 5132
+3 2566
+1 6957
+5 5921
-5 247
cfi=(106)
cfn=(400) __uflow
calls=247 299 
* 47177

fl=(71)
fn=(264)
30 5
fi=(159) ./string/../sysdeps/x86_64/multiarch/strpbrk.c
-1 1
fe=(71)

fn=(280)
30 5
fi=(160) ./string/../sysdeps/x86_64/multiarch/strspn.c
-1 1
fe=(71)

fn=(246)
30 5
fi=(161) ./string/../sysdeps/x86_64/multiarch/strcspn.c
-1 1
fe=(71)

fl=(133)
fn=(536) __strlen_avx2
55 294
+1 294
+1 294
+3 294
+1 294
+1 294
+3 152
+1 152
+1 152
+8 152
+19 142
+1 142
+1 142
+1 142
+2 142
+1 142
+1 142
+1 71
+6 71
+1 71
+1 71
+4 71
+1 71
+16 71
+10 71
+1 71
+1 71
+1 71
335 223
+1 223
+1 223
+4 223
+1 223

fn=(592)
45 173
+1 173
+7 173
+2 173
+1 173
+1 173
+3 173
+1 173
+1 173
+3 173
+1 173
+1 173
+3 173
261 173
+2 173
+1 173
+56 173
+4 173
+1 173

fl=(74)
fn=(258)
40 3
-2 1
+2 1
-2 2
+11 1

fl=(148)
fn=(692)
27 1
+4 1
+2 2

fl=(117)
fn=(450)
32 4
+8 2
-8 4
+8 9
+4 4
+4 4
+12 5
-19 2
cfi=(118) ./misc/../sysdeps/unix/sysv/linux/x86_64/brk.c
cfn=(452) brk
calls=1 -10 
* 10
* 2
+4 2
+11 1
cfi=(118)
cfn=(452)
calls=1 -25 
* 10
* 2
+4 5

fl=(107)
fn=(544) _IO_do_write@@GLIBC_2.2.5
426 69
+1 1
-3 66
+2 33
cfn=(604) new_do_write
calls=33 +6 
* 3366
* 33
+1 33
-1 99
+1 33

fn=(604)
432 33
fi=(120)
943 33
fe=(107)
432 66
fi=(120)
941 33
fe=(107)
432 33
fi=(120)
941 33
fe=(107)
432 33
fi=(120)
941 33
fe=(107)
432 165
+12 33
fi=(120)
943 66
fe=(107)
434 66
fi=(120)
944 66
fe=(107)
449 132
cfn=(608) _IO_file_write@@GLIBC_2.2.5
calls=33 1174 
* 1452
+1 33
-1 33
+1 132
+2 33
+4 33
-4 99
+1 66
+3 99
-2 33
+4 297
-17 132
+14 99

fn=(542) _IO_file_overflow@@GLIBC_2.2.5
732 136
+1 102
+7 202
+37 33
-2 68
+3 2
+3 3
+1 3
+1 2
+4 1
+1 4
-45 2
+12 2
+9 3
+5 3
+2 2
-5 1
+5 1
+1 1
-5 1
+1 1
+4 4
+5 33
+11 33
-12 33
+12 66
-11 33
-1 33
cfn=(544)
calls=33 426 
* 3620
+3 3
+2 2
-2 4
cfn=(544)
calls=1 426 
* 113
* 2
-34 2
cfi=(106)
cfn=(406) _IO_doallocbuf
calls=1 344 
* 305
+1 1
+9 1
-9 4

fn=(690) _IO_file_sync@@GLIBC_2.2.5
793 8
+5 8
+2 2
+1 4
+11 4
+4 8

fn=(404) _IO_file_underflow@@GLIBC_2.2.5
466 759
-4 2024
+7 506
+6 759
+3 506
+12 504
+7 2783
fi=(119)
47 253
fe=(107)
497 506
fi=(119)
47 253
fe=(107)
499 253
-2 253
+2 253
-2 253
+2 253
fi=(120)
941 506
fe=(107)
499 253
-2 253
fi=(120)
941 253
+2 253
-2 253
fe=(107)
499 506
fi=(120)
884 506
+1 2783
fe=(107)
506 506
cfi=(106)
cfn=(462) _IO_switch_to_get_mode
calls=253 164 
* 6072
+11 253
-5 253
fi=(120)
943 253
fe=(107)
512 253
fi=(120)
943 253
fe=(107)
512 253
+1 253
+2 253
-1 506
fi=(120)
944 506
fe=(107)
517 1012
cfn=(464) _IO_file_read
calls=253 1132 
* 3036
+2 506
+16 253
-9 253
+9 506
+2 506
+1 2024
-57 3
+5 2
cfi=(106)
cfn=(406)
calls=1 344 
* 75091
+4 3

fn=(686) _IO_file_setbuf@@GLIBC_2.2.5
382 4
+1 2
cfi=(106)
cfn=(688) _IO_default_setbuf
calls=2 +69 
* 134
* 4
+4 4
-1 4
+2 6
+2 2
+1 4

fn=(608)
1174 198
+2 198
+5 33
cfi=(141)
cfn=(610)
calls=33 26 
* 264
+1 66
+5 33
+1 33
-12 66
+4 99
+1 66
+10 99
+3 198
-4 99

fn=(410) _IO_file_stat
1147 2
+1 6
cfi=(109) ./io/../sysdeps/unix/sysv/linux/wordsize-64/fxstat.c
cfn=(412) _fxstat
calls=2 33 
* 20

fn=(540)
1198 387900
+7 129300
-7 517200
+6 444008
+9 185408
-2 370816
+17 278112
+1 92680
+3 92680
-3 92680
+3 185360
+2 92680
+2 92680
+2 278040
-2 92680
cfi=(129)
cfn=(576) __mempcpy_avx_unaligned_erms
calls=92680 220 
* 1566309
* 92680
+1 92680
+1 92680
-2 92680
+4 185360
+27 185344
+1 1163700
-36 24
+12 24
fi=(120)
941 72
+2 48
+1 48
fe=(107)
1244 8
fi=(120)
941 24
+2 16
+1 16
fe=(107)
1244 96
cfn=(542)
calls=32 732 
* 4574
* 64
+6 64
+1 224
+2 64
+11 96
+1 128
cfi=(106)
cfn=(546) _IO_default_xsputn
calls=32 371 
* 1934
+2 96

fn=(464)
1132 253
+2 253
-1 253
+1 506
cfi=(121)
cfn=(466)
calls=253 26 
* 1771

fl=(59)
fn=(210)
36 3
-2 1
+2 1
-2 2
fi=(60) ./string/../sysdeps/x86_64/multiarch/strncpy.c
-5 1
fe=(59)

fn=(218)
36 3
-2 1
+2 1
-2 2
fi=(63) ./string/../sysdeps/x86_64/multiarch/strcat.c
-5 1
fe=(59)

fn=(252)
36 3
-2 1
+2 1
-2 2
fi=(73) ./string/../sysdeps/x86_64/multiarch/strcpy.c
-5 1
fe=(59)

fn=(282)
36 3
-2 1
+2 1
-2 2
fi=(79) ./string/../sysdeps/x86_64/multiarch/stpncpy.c
-3 1
fe=(59)

fn=(286)
36 3
-2 1
+2 1
-2 2
fi=(80) ./string/../sysdeps/x86_64/multiarch/stpcpy.c
-1 1
fe=(59)

fl=(135)
fn=(564)
28 524448
+4 43704
+1 87408
-1 87408
+1 43704
-1 43704
+1 43704
-1 43704
+1 43704
-1 43704
+1 43704
cfi=(136)
cfn=(566)
calls=43704 1289 
* 22799086
+4 218520

fl=(137)
fn=(570)
45 87637
+2 87637
+1 87637
+1 87637
+2 87637
+1 87637
+1 87637
+4 87062
+1 87062
+1 87062
+1 87062
+1 87062
+1 87062
+1 87062
+11 575
+1 575
+1 575
+1 575
+1 575
+1 575
+1 575
+2 575
+1 575
+1 575
+2 346
+1 346
+2 346
+7 346
+1 346
+4 229
+5 229
+1 229
+1 229
+1 229
+1 229
+1 229
+1 229
+72 87291
+2 87291
+7 87291
+1 87291

fl=(146) ./nptl/register-atfork.c
fn=(642) __unregister_atfork
79 4
+1 6
fi=(147) ./nptl/../sysdeps/unix/sysv/linux/x86/lowlevellock.h
-33 4
fi=(162) ./nptl/../malloc/dynarray-skeleton.c
239 2
fe=(146)
68 4
+38 8
+1 4

fl=(95) ./stdlib/cxa_atexit.c
fn=(354) __cxa_atexit
70 2
cfn=(356) __internal_atexit
calls=1 -34 
* 70

fn=(360) __new_exitfn
88 2
-6 4
+11 4
-10 2
+12 4
-2 1
+10 1
-10 3
+45 1
+5 1
-4 1
+4 4
-18 1
-1 1
+1 1

fn=(356)
36 5
+5 6
+2 1
fi=(96)
+4 1
fe=(95)
-4 2
fi=(96)
+4 2
fe=(95)
-3 2
cfn=(360)
calls=1 +44 
* 31
+2 2
+7 1
+3 1
-3 2
+4 1
-2 1
+3 1
+1 4
+2 7

fl=(113)
fn=(424)
126 2
+2 1
-2 8
+5 1
-5 1
+5 2
cob=(1)
cfi=(2)
cfn=(52)
calls=1 841 
* 2
+2 2
cob=(1)
cfi=(101)
cfn=(389)
calls=1 -61 
* 923
* 5
+2 3
30 1
+1 1
-1 1
+1 1
+3 2
+5 1
+6 1
-7 1
+2 3
+2 3
+3 2
+4 5
-5 4
+5 4043
+2 1010
+1 2020
-1 1
+1 2
+2 2757
+10 9308
+1 14980
+5 7074
-10 7074
+1 14148
+2 7043
+37 2
+1 1
+1 3
+3 2
+36 2
cob=(1)
cfi=(2)
cfn=(54)
calls=1 847 
* 2
+3 9
-79 2016
+52 1
+21 1
-20 2

fl=(108) ./libio/filedoalloc.c
fn=(408) _IO_file_doallocate
78 16
+6 8
fi=(120)
941 6
+2 4
+1 4
fe=(108)
84 6
cfi=(107)
cfn=(410)
calls=2 1147 
* 28
* 4
+2 8
+11 8
+4 4
cob=(2)
cfi=(17)
cfn=(414)
calls=2 0 
* 75152
* 2
+1 4
+2 8
cfi=(106)
cfn=(456) _IO_setb
calls=2 329 
* 54
+1 2
+1 16
-15 1
fi=(163) ./libio/../include/sys/sysmacros.h
-44 6
fe=(108)
+44 1
-2 2
+5 2

fl=(99)
fn=(378)
28 2
+2 2
-1 1
+5 3

fl=(69)
fn=(238)
41 3
-2 1
+2 1
-2 2
+14 1

fl=(118)
fn=(452)
31 12
+2 4
+6 2
+1 2

fl=(61)
fn=(248)
32 4
fi=(72) ./string/../sysdeps/x86_64/multiarch/strncase.c
-1 1
fe=(61)

fn=(272)
32 4
fi=(78) ./string/../sysdeps/x86_64/multiarch/strcasecmp_l.c
-1 1
fe=(61)

fn=(214)
32 4
fi=(62) ./string/../sysdeps/x86_64/multiarch/strcasecmp.c
-1 1
fe=(61)

fn=(296)
32 4
fi=(83) ./string/../sysdeps/x86_64/multiarch/strncase_l.c
-1 1
fe=(61)

fl=(109)
fn=(412)
33 6
+1 4
+1 8
+4 2

fl=(65)
fn=(242)
32 6
-2 10
fi=(164) ./wcsmbs/../sysdeps/x86_64/multiarch/wcschr.c
+1 2
fe=(65)

fn=(226)
32 6
-2 10
fi=(165) ./wcsmbs/../sysdeps/x86_64/multiarch/wmemchr.c
+1 2
fe=(65)

fn=(278)
32 3
-2 5
fi=(166) ./wcsmbs/../sysdeps/x86_64/multiarch/wcslen.c
-1 1
fe=(65)

fn=(228)
32 3
-2 6

fl=(90)
fn=(338)
84 4
+1 3
+1 3
+2 1

fl=(106)
fn=(618)
199 2
+2 3
+2 1
fi=(120)
941 3
+2 2
+1 2
fe=(106)
203 1
+1 2
-1 1
cfi=(107)
cfn=(542)
calls=1 732 
* 155

fn=(462)
164 1012
+1 759
+3 759
+4 506
+1 506
+7 253
-4 253
+4 253
-2 506
+3 253
+1 1012

fn=(688)
452 2
fi=(120)
941 2
fe=(106)
452 8
fi=(120)
941 2
fe=(106)
452 2
fi=(120)
941 2
fe=(106)
452 4
+1 2
fi=(120)
943 4
+1 4
fe=(106)
453 4
cfi=(107)
cfn=(690)
calls=2 793 
* 34
* 4
+4 2
330 2
462 2
-7 4
337 2
-5 2
467 2
333 2
+4 2
465 6
+1 6
+2 12
-11 2
+1 4
-1 2
330 8

fn=(402) _IO_default_uflow
361 253
fi=(120)
941 506
fe=(106)
361 253
fi=(120)
941 253
fe=(106)
361 506
+1 253
fi=(120)
943 506
+1 506
fe=(106)
362 506
cfi=(107)
cfn=(404)
calls=253 466 
* 108493
+1 506
+2 1012
+1 1012

fn=(468) _IO_sputbackc
635 48
+3 36
+1 24
+9 12
+3 48
-10 24
+1 12
+5 12

fn=(456)
329 18
+1 8
+5 4
-3 2
+3 4
-2 2
+2 4
+3 12

fn=(674)
863 1
+3 1
-3 9
+3 1
cfn=(676) _IO_flush_all_lockp
calls=1 686 
* 258
-80 1
+80 1
-80 2
+1 6
fi=(119)
47 2
fe=(106)
787 2
+3 1
-3 2
+3 2
fi=(120)
941 4
fe=(106)
807 2
+31 3
-48 9
+9 9
+2 6
+6 16
fi=(119)
47 4
fe=(106)
807 4
+8 10
+9 2
fi=(120)
943 4
+1 4
fe=(106)
824 8
cfi=(107)
cfn=(686)
calls=2 382 
* 164
+2 6
+4 10
+1 20
+11 10
+1 2
+35 12
-92 4
+31 4
+2 2
+1 2
-1 2
+2 6
-14 8

fn=(676)
686 8
+5 6
+1 6
fi=(119)
47 2
fe=(106)
692 2
+3 1
-8 1
+5 2
+3 2
fi=(120)
941 3
fe=(106)
699 2
+7 1
fi=(120)
943 2
+1 2
fe=(106)
706 3
cfi=(107)
cfn=(542)
calls=1 +26 
* 136
+1 3
+2 6
+2 3
-16 9
+2 3
+1 6
+3 20
+14 10
+1 3
+4 12
-29 4

fn=(546)
371 288
+3 64
fi=(120)
941 224
fe=(106)
389 64
+8 32
+2 64
-20 128
+2 32
+1 64
+2 64
+19 32
+1 256
fi=(120)
947 64
fe=(106)
394 64
-1 96
+1 108
-1 162
+1 128

fn=(406)
344 4
-1 6
+3 8
+1 2
fi=(120)
941 6
+2 4
+1 4
fe=(106)
347 4
cfi=(108)
cfn=(408)
calls=2 78 
* 75346
* 4
+3 8

fn=(400)
299 1012
+1 759
+5 506
+3 759
+2 506
+6 506
+7 253
fi=(120)
941 759
+2 506
+1 506
fe=(106)
323 253
+1 253
-1 253
+1 506
-1 253
cfn=(402)
calls=253 +38 
* 114565
-23 506
+21 759

fl=(128)
fn=(508)
43 40
+1 40
+2 40
+2 40
+9 40
+3 40
+1 40
+1 40
+32 40
+1 40
+1 40
+1 40
+2 40
+1 40
+1 40
+1 40
+3 40
+1 40
+2 40
+1 40
+1 40
+1 40

fl=(87)
fn=(330)
31 2
-1 4
+1 3
+2 3
cfi=(88)
cfn=(334)
calls=1 +10 
* 33
* 1
+4 5
+1 3
+2 4

fl=(145)
fn=(638)
30 16
+3 2
fi=(96)
+14 2
fe=(145)
-14 4
fi=(96)
+14 4
+4 2
fe=(145)
-15 6
+4 14
-4 6
+58 8
+4 14
-4 6
+12 4
+1 4
cfi=(146)
cfn=(642)
calls=2 -28 
* 32
+2 8
+1 16

fl=(143)
fn=(624)
145 3
+1 4
+18 4

fl=(89)
fn=(336)
31 7
+2 4
+2 4
+1 1

fl=(129)
fn=(512)
233 40
+6 40
+1 40
+58 40
+1 40
+2 16
+1 16
+23 24
+1 24
+1 24
+1 24
+1 24
+4 16
+1 16
+1 16
+1 16
+1 16

fn=(576)
220 92680
+1 92680
+1 92680
+17 92680
+1 92680
+58 92680
+1 92680
+2 92451
+1 92451
+1 89904
+1 89904
+1 89428
+1 89428
+1 89417
+1 89417
+1 89417
+2 89417
+14 229
+1 229
+1 229
+1 229
+1 229
+4 2547
+1 2547
+1 2547
+1 2547
+1 2547
+3 476
+1 476
+1 476
+1 476
+1 476
+3 11
+1 11
+1 11
+1 11
+1 11

fl=(134)
fn=(556)
82 71
+1 71
+1 71
+6 71
+2 71
+1 71
+2 71
+1 71
+1 71
+1 71
+1 71
+2 71
+1 71
+1 71
+1 71
+1 71
+1 71
+1 71
+1 71
+4 71
+1 71
+13 71
+1 71
+1 71
+2 71
+1 71

fl=(111)
fn=(418)
30 1
-1 2
+1 1
fi=(112)
291 4
cfn=(422)
calls=1 -2 
* 74263
fe=(111)
32 1
+1 1
-1 1
cfi=(110)
cfn=(417)
calls=1 3031 
* 675

fl=(77)
fn=(266)
40 3
-2 1
+2 1
-2 2
+11 1

fl=(66)
fn=(232)
34 1
-1 2
+1 1
-2 2
+2 3
+1 2
fi=(67) ./string/../sysdeps/x86_64/multiarch/memcmp.c
-6 1
fe=(66)

fl=(70)
fn=(240)
42 10
+4 4
-1 4
+6 4
+6 4
+2 10

fl=(138)
fn=(578)
165 41196
+3 164784
+2 82392
+9 659192
+9 82392

fl=(123) ./stdlib/../stdlib/strtol.c
fn=(472) __strtol_internal
98 18
cfi=(124)
cfn=(474)
calls=6 226 
* 707

fl=(104)
fn=(396)
278 84
+10 6
-8 6
+8 12
+1 6
fi=(122) ./stdio-common/../include/scratch_buffer.h
78 6
fe=(104)
289 6
fi=(122)
77 12
fe=(104)
339 6
fi=(122)
77 6
fe=(104)
339 24
+6 19
+3 30
+4 12
+20 6
-13 6
+13 6
-13 6
+6 6
+2 24
+5 84
fi=(105)
47 18
fe=(104)
372 18
+9 6
-4 6
+4 18
-49 6
-49 6
+1 6
+9 6
-11 6
503 12
328 6
503 6
327 6
-1 6
-1 6
-12 6
503 6
-85 12
+23 24
+1 12
-61 18
3020 24
345 10
3030 90
fi=(122)
85 18
fe=(104)
3034 12
+17 12
+6 72
206 6
+16 6
+1 12
487 30
+44 66
+80 12
+4 12
+1 6
-1 6
+1 12
+1 18
+3 12
+1 42
+6 18
+3 12
-3 6
+3 24
-3 12
+4 30
+1 54
cfi=(106)
cfn=(468)
calls=6 +3 
* 108
+4 48
-9 12
cfi=(106)
cfn=(400)
calls=6 299 
* 76243
* 18
481 6
+22 24
+21 18
+4 6
+3 12
+75 6
+1 6
+4 6
-4 6
+10 18
1397 66
+5 18
+9 12
+26 30
1732 12
fi=(122)
113 36
fe=(104)
1739 84
260 22
1796 11
260 22
+3 33
1798 44
+2 99
-68 22
+2 34
+2 24
+67 12
206 6
1810 12
214 12
1811 12
+28 36
cfi=(106)
cfn=(468)
calls=6 635 
* 108
260 24
+3 18
1843 12
1668 6
206 6
1861 12
1668 12
1860 18
+1 6
cfi=(123)
cfn=(472)
calls=6 98 
* 725
* 6
+6 18
+3 24
+6 12
-4 12
+4 12
+23 6
381 12
1389 6
-1 6
+2 6
1741 24
1434 24
1812 2
+1 2
+65 12
+2 12
+1 18
+14 60

fl=(132)
fn=(532)
33 1764
+2 294
cfi=(133)
cfn=(536)
calls=294 +20 
* 5262
* 294
+1 294
-1 294
+1 3234
fi=(119)
+11 588
fe=(132)
-11 294
+3 294
-3 294
+3 294
-3 294
+3 588
-1 586
+1 1
+1 1
fi=(120)
941 3
+2 2
+1 2
fe=(132)
40 293
fi=(120)
941 879
+2 586
+1 586
fe=(132)
40 882
cfi=(107)
cfn=(540)
calls=294 1198 
* 19141
* 588
+1 2058
+1 1176
fi=(120)
884 588
+1 2940
fe=(132)
46 2058

fl=(94)
fn=(352)
137 10
+4 1
-4 3
+4 3
+96 2
+1 3
cfi=(95)
cfn=(354)
calls=1 70 
* 72
+22 4
+3 2
+1 5
cob=(5)
cfi=(93)
cfn=(362)
calls=1 0 
* 50
+4 4
+15 2
+12 2
cfi=(97) ./setjmp/../sysdeps/x86_64/bsd-_setjmp.S
cfn=(374) _setjmp
calls=1 30 
* 28
+1 2
+5 2
+1 2
+3 2
+3 6
cob=(5)
cfi=(100)
cfn=(380)
calls=1 842 
* 25674425
* 1
+34 1
cfi=(142)
cfn=(620)
calls=1 138 
* 1440

fl=(97)
fn=(374)
30 1
+2 1
cfi=(98)
cfn=(376)
calls=1 * 
* 26

totals: 25783878
