# callgrind format
version: 1
creator: callgrind-3.16.1
pid: 4332
cmd:  ./main
part: 1


desc: I1 cache: 
desc: D1 cache: 
desc: LL cache: 

desc: Timerange: Basic block 0 - 8168638
desc: Trigger: Program termination

positions: line
events: Ir
summary: 39061544


ob=(5) /mnt/c/Users/Pietro Ammaturo/github/WordChecker/main
fl=(93) ???
fn=(362) __libc_csu_init
0 14
cob=(2) ???
cfi=(17) ???
cfn=(364) 0x0000000000109000
calls=1 0 
0 6
0 8
cfn=(368) 0x0000000000001390
calls=1 0 
0 11
0 11

fn=(350) _start
0 11
cob=(3) /lib/x86_64-linux-gnu/libc-2.31.so
cfi=(94) ./csu/../csu/libc-start.c
cfn=(352) (below main)
calls=1 137 
0 38954171

fn=(368)
0 11

fl=(100) /mnt/c/Users/Pietro Ammaturo/github/WordChecker/main.c
fn=(524) findWord
228 2
+2 4
+2 3
-2 1
+2 1
479 2
232 4
-2 4
+2 4
479 125
+3 5
228 15
+13 2

fn=(490) addWord
272 256000
+1 32000
+8 128000
-3 32000
+3 96000
+3 160000
-3 32000
+3 32000
cfn=(492) findOrAddChild
calls=32000 430 
* 2078910
* 640000
-3 128000
+3 128000
cfn=(492)
calls=128000 430 
* 23028952
* 160000
+2 320000
-5 320000
+8 288000

fn=(492)
430 1120000
+4 160000
-4 480000
+4 160000
-4 320000
+4 5125306
+3 147387
+5 477427
+6 107467
+2 967203
-2 52533
+2 520931
+6 48134
cob=(3)
cfi=(110) ./malloc/malloc.c
cfn=(416) malloc
calls=24067 3031 
* 4717897
* 24067
* 25226
cob=(3)
cfi=(110)
cfn=(416)
calls=12613 3031 
* 2472607
* 12613
+2 73360
+2 36680
250 36680
460 36680
250 36680
cob=(3)
cfi=(110)
cfn=(416)
calls=36680 3031 
* 7191269
* 36680
+1 73360
-1 36680
+1 36680
+2 73360
+1 36680
+3 36680
-2 36680
+1 36680
+1 36680
+3 73360
+3 36680
461 36680
+2 73360
+2 97475

fn=(514) startMatch
732 14
+7 7
+1 1
-1 1
+1 1
cob=(3)
cfi=(125) ./libio/getc.c
cfn=(488) getc
calls=1 34 
* 204
* 1
* 4
-1 4
+1 4
cob=(3)
cfi=(125)
cfn=(488)
calls=4 34 
* 68
* 4
* 5
-1 10
+3 2
cob=(3)
cfi=(125)
cfn=(488)
calls=1 34 
* 17
* 1
+2 4
cob=(3)
cfi=(103) ./stdio-common/isoc99_scanf.c
cfn=(394) __isoc99_scanf
calls=1 25 
* 748
* 1
+5 4
cob=(3)
cfi=(125)
cfn=(488)
calls=2 34 
* 221
* 2
* 2
+1 8
+3 2
+2 6
cob=(1) /lib/x86_64-linux-gnu/ld-2.31.so
cfi=(101) ./elf/../sysdeps/x86_64/dl-trampoline.h
cfn=(388) _dl_runtime_resolve_xsave
calls=1 72 
* 707
* 5
+3 6
209 1
758 1
+3 1
-3 35
+3 39
+2 1
209 6
764 5
-1 5
+1 5
-1 10
+1 5
192 5
764 5
192 10
+2 10
767 1
567 1
770 1
-3 1
+4 1
567 1
767 3
+4 5
+3 3
+24 6
+2 1
+1 1
-3 1
+3 1
cob=(3)
cfi=(125)
cfn=(488)
calls=1 34 
* 17
* 1
-1 4
+1 4
-3 4
+3 4
cob=(3)
cfi=(125)
cfn=(488)
calls=4 34 
* 68
* 4
-3 10
+6 4
cfn=(524)
calls=1 228 
* 172
* 2
+4 3
-1 1
+1 1
cob=(1)
cfi=(101)
cfn=(388)
calls=1 72 
* 708
* 5
* 2
+11 3
+3 1
-3 1
-4 1
+7 2
-3 33
+3 6
cfn=(532) compareWords
calls=1 592 
* 2886
+4 36
338 5
+1 24
-1 24
+4 1
831 4
cfn=(568) filterDictionary
calls=1 493 
* 223608

fn=(532)
592 8
+3 11
197 9
598 12
+19 4
+4 8
-2 4
-24 4
+26 4
-26 8
+2 5
192 5
597 5
192 10
+2 4
598 6
+3 1
+6 1
+3 1
-3 1
-4 1
-8 1
+12 4
+3 1
+2 1
-17 11
+31 1
192 1
626 1
192 2
626 4
192 4
626 4
192 8
+5 9
629 10
-2 10
+2 100
+3 56
+34 15
-3 35
+3 16
-3 112
+10 10
-49 21
+42 2
+19 128
+4 192
+2 1
-9 192
+48 1
-34 1
+34 1
-34 1
+34 1
-34 1
+34 1
-34 1
+34 2
-34 1
cob=(1)
cfi=(101)
cfn=(388)
calls=1 72 
* 1668
* 5
199 6
-5 4
+5 6
677 32
-2 12
+2 16
-2 52
-19 10

fn=(568)
493 6
+5 3
+55 4
+1 9
-1 6
+2 9
cfn=(569) filterDictionary'2
calls=3 -62 
* 223569
* 2

fn=(569)
493 14778
+5 7389
192 2463
500 2463
192 4926
+5 3684
-3 1235
507 3705
-4 1235
-2 1235
+6 1235
-4 1235
+4 1235
+3 6175
-3 1228
-4 1228
-2 1228
+6 1228
-4 1228
+4 1228
+3 6140
+10 1142
+10 2161
+5 490
-3 1715
+3 5494
-3 19229
+9 490
+8 3
cfn=(570) lowerCounters
calls=1 413 
* 25
* 1
+4 3
+1 7380
-1 7380
+3 1252
-1 7380
cfn=(569)
calls=2460 -62 
* 832414
* 2460
199 1228
507 2456
199 5040
382 4424
-6 1540
+2 308
+4 616
-6 5718
+2 1906
+4 3812
556 2150
-40 2150
+40 2150
-40 2150
+40 2150
-40 2150
cfn=(570)
calls=2150 413 
* 58075
382 976
-6 732
+2 244
+4 488

fn=(380) main
856 1
+11 2
-11 6
+11 2
cob=(1)
cfi=(101)
cfn=(388)
calls=1 72 
* 76551
* 5
+3 6
cfn=(476) addNode
calls=1 248 
* 882
+3 1
-3 1
+3 3
cob=(3)
cfi=(110)
cfn=(416)
calls=1 3031 
* 191
* 1
+2 1
-2 2
+2 1
cob=(3)
cfi=(110)
cfn=(416)
calls=1 3031 
* 189
* 1
+2 1
-2 1
+2 1
cob=(3)
cfi=(110)
cfn=(416)
calls=1 3031 
* 189
* 1
+2 1
-2 2
+2 1
cob=(3)
cfi=(110)
cfn=(416)
calls=1 3031 
* 189
* 1
+2 1
-2 1
+2 1
cob=(3)
cfi=(110)
cfn=(416)
calls=1 3031 
* 189
* 1
* 1
+2 12
+3 5
cfn=(482) addWords
calls=1 291 
* 38644789
+12 1
+5 2
-17 1
+14 3
-6 4
cob=(1)
cfi=(101)
cfn=(388)
calls=1 72 
* 815
* 5
+4 8
+2 10
cfn=(514)
calls=1 732 
* 229884

fn=(482)
291 9
+7 2
cob=(1)
cfi=(101)
cfn=(388)
calls=1 72 
* 684
* 5
* 2
cob=(3)
cfi=(125)
cfn=(488)
calls=1 34 
* 204
* 1
+1 8
+3 5
+3 128000
+2 32000
+1 32000
-3 32000
+3 32000
cob=(3)
cfi=(125)
cfn=(488)
calls=32000 34 
* 544000
* 32000
-1 128000
+1 128000
-3 128000
+3 128000
cob=(3)
cfi=(125)
cfn=(488)
calls=128000 34 
* 2176000
* 128000
-3 320000
+6 128000
cfn=(490)
calls=32000 -39 
* 27859862
+2 64000
cob=(3)
cfi=(125)
cfn=(488)
calls=32000 34 
* 6528000
* 32000
-11 64000
+16 7

fn=(570)
413 4302
+5 2151
+2 6453
197 2619
+5 3
421 872
-1 872
+1 15774
192 2200
420 2200
192 4400
+2 1327
421 1327
-1 3981
+1 3981
+1 2150
199 872
420 1744
199 872

fn=(476)
248 1
+2 1
-2 7
+2 1
cob=(1)
cfi=(101)
cfn=(388)
calls=1 72 
* 849
* 5
* 1
+1 2
+2 2
+7 1
-5 1
+1 1
+1 1
+3 1
+3 1
+7 7

ob=(1)
fl=(18) ./elf/dl-minimal.c
fn=(40) calloc
92 8
+4 8
+4 8
-1 16
+1 16
+3 8
cfn=(44) malloc
calls=8 -54 
* 237
* 8

fn=(82) strsep
265 6
+2 4
+1 4
+4 48
+7 112
-2 56
+13 1
+4 4
-22 14
+15 14
-15 30

fn=(44)
49 88
+1 22
+11 22
-11 44
+11 44
+3 22
-3 22
+3 128
+18 22
+1 22
+2 88
-16 4
+1 2
+2 1
+1 7
cfi=(42) ./misc/../sysdeps/unix/sysv/linux/mmap64.c
cfn=(136) mmap
calls=1 -22 
* 19
* 1
+2 2
+2 2
+2 1
+4 1
-4 2
-23 1
-1 1
+1 1
+1 2
-2 2

fn=(94) free
111 12

fl=(36) ./setjmp/../sysdeps/x86_64/setjmp.S
fn=(116) __sigsetjmp
32 3
+9 3
+1 6
+1 3
+4 3
+1 3
+1 3
+1 3
+1 3
+2 6
+2 3
+1 3
+3 6
+2 3
+19 3
+1 3

fl=(30) ./string/../sysdeps/x86_64/multiarch/../strchr.S
fn=(88) index
24 6
+1 6
+1 6
+1 6
+1 6
+1 6
+1 6
+1 6
+1 6
+1 6
+1 6
+1 6
+1 6
+1 6
+1 6
+1 6
+1 6
+1 4
+4 4
+1 4
+1 4
+1 4
+2 4
+4 2
+1 2
+1 2
+1 2
+1 2
+1 2
+1 2
+1 2
+1 2
+1 2
+1 2
+1 2
+1 2
+1 2
+1 2
+1 2
+1 2
+1 2
+1 2
+1 2
+1 2
+1 2
+1 2
+1 3
+5 1
+1 1
+3 1
+1 1
+1 1
+1 1
+1 1
+1 1
+1 1
+1 1
+1 1
+1 1
+1 1
+1 1
+1 1
+1 1
+1 1
+1 1
+1 1
+1 1
+2 1
+1 1
+2 1
+1 1
+1 1
+1 1
+1 1
+1 1
+1 1
+1 1
+2 1
+1 1
+1 1
+1 1
+1 1
+1 1
+1 1
+1 1
+1 1
+1 1
+3 1
+4 1
+1 1
+1 1
+1 1
+2 1
-9 1
+4 1
+1 1
+1 1
+1 1
+2 1

fl=(6) ./elf/dl-lookup.c
fn=(10) _dl_setup_hash
964 12
+2 4
+2 8
+2 4
-1 4
+3 12
+1 4
+4 4
-3 4
+7 4
-7 4
+3 4
-1 4
+3 4
+2 4
-7 4
+7 4
+5 4

fn=(200) _dl_lookup_symbol_x
841 891
582 99
841 396
582 297
-1 198
+2 99
-1 99
+1 297
-1 297
+1 1286
-1 1286
+1 3858
-1 3858
+2 99
847 99
-4 99
+8 99
-8 99
+1 198
+7 275
+5 99
+5 99
-7 99
+2 99
-2 99
+6 198
-7 594
+7 20
+29 10
-29 30
+1 1287
cfn=(202) do_lookup_x
calls=99 368 
* 34193
* 297
+28 89
-23 198
+24 534
+40 89
-40 89
+40 356
+14 267
+3 267
+5 178
+2 891
-86 60
+17 10
+1 20
+59 2

fn=(204) check_match
75 364
+3 91
-3 728
+3 182
+13 356
-13 356
+13 178
+3 282
cfi=(21) ./string/../sysdeps/x86_64/strcmp.S
cfn=(56) strcmp
calls=26 +50 
* 1344
* 52
+4 89
+1 178
+2 176
+19 176
+1 704
+39 89
+7 534
-18 2
+2 2
+1 1
-1 2
+1 3
-1 2
+16 12
-45 264
cfi=(21)
cfn=(56)
calls=88 +22 
* 3705
* 176
-44 8
+82 4

fn=(202)
368 693
+1 99
-1 792
+48 99
-41 99
+76 99
-35 198
-16 933
+8 311
-4 311
+1 311
+3 622
+1 933
+3 311
+1 622
+7 311
-3 622
-2 311
+5 1244
+3 2177
571 669
379 624
+3 624
+4 1254
+4 622
+4 622
+88 178
fi=(20) ./elf/../sysdeps/generic/ldsodefs.h
126 267
fe=(6)
533 178
+3 668
+16 178
+1 89
+1 178
427 368
-1 184
+2 184
+2 92
+6 368
-6 92
+6 736
+7 279
-10 910
+3 91
-1 91
+1 182
-1 91
+1 91
-1 91
+2 91
-1 91
+1 91
-1 910
cfn=(204)
calls=91 75 
* 10060
+4 273
+3 4
574 10
+1 792
-35 33
-66 6
176 21
+5 712

fl=(37) ./elf/dl-misc.c
fn=(158) _dl_sysdep_read_whole_file
44 1
+3 1
-3 6
+3 1
-3 1
+3 1
cfi=(38) ./io/../sysdeps/unix/sysv/linux/open64_nocancel.c
cfn=(126) __open_nocancel
calls=1 -10 
* 18
+1 2
+23 7
-21 5
cfi=(41) ./io/../sysdeps/unix/sysv/linux/wordsize-64/fxstat.c
cfn=(134) _fxstat
calls=1 -17 
* 10
* 2
+2 2
+3 2
+13 2
cfi=(45) ./io/../sysdeps/unix/sysv/linux/close_nocancel.c
cfn=(144) __GI___close_nocancel
calls=1 -42 
* 5
* 1
-11 6
cfi=(42)
cfn=(136)
calls=1 -6 
* 19
* 2

fn=(122) _dl_name_match_p
282 70
+1 28
cfi=(21)
cfn=(56)
calls=14 144 
* 336
* 14
+1 14
-1 28
+3 14
+2 28
+4 15
-4 30
+1 54
cfi=(21)
cfn=(56)
calls=18 144 
* 508
* 36
-5 3
+11 23
-1 11
+1 33

fl=(8) ./elf/dl-tunables.c
fn=(26) __tunable_get_val
367 120
+9 20
-9 78
+9 3
+17 100
+2 20
-9 17
+1 17

fn=(14) __GI___tunables_init
283 8
-9 4
67 65
+6 20
-3 20
+3 1191
-6 40
358 8
77 40
+5 20
-9 20
-6 20
fi=(9) ./elf/dl-tunables.h
+52 20
fe=(8)
-37 60
fi=(9)
+38 60
-1 30
+5 10
-5 20
+1 60
fe=(8)
324 60
-12 2800
fi=(9)
119 360
fe=(8)
-52 180
fi=(9)
+52 540
+1 18
-1 234
+1 558
fe=(8)
306 2240
70 40

fl=(48) ./io/../sysdeps/unix/sysv/linux/wordsize-64/xstat.c
fn=(154) _xstat
33 24
+1 16
+1 32
+4 1
-4 28

fl=(35) ./elf/dl-error-skeleton.c
fn=(114) _dl_catch_exception
175 6
+5 3
-5 9
+5 3
-2 6
+21 3
+7 6
-7 3
+1 6
+3 6
+3 3
cfi=(36)
cfn=(116)
calls=3 32 
* 57
* 9
+2 9
cfi=(47) ./elf/dl-deps.c
cfn=(150) openaux
calls=2 61 
* 5828
cfi=(2) ./elf/rtld.c
cfn=(118) map_doit
calls=1 642 
* 2462
+2 3
-1 3
+1 3
-1 3
+1 6
+9 12

fn=(176) _dl_receive_error
238 5
+1 1
+1 1
+3 1
+1 1
+2 1
cfi=(2)
cfn=(178) version_check_doit
calls=1 675 
* 2666
+2 1
+1 1
+1 4

fn=(110) _dl_catch_error
225 9
+2 2
cfn=(114)
calls=1 -52 
* 2515
* 1
+1 2
+1 1
+1 1
-1 1
+1 1
+2 5

fl=(102) ./elf/../elf/dl-runtime.c
fn=(390) _dl_fixup
66 18
+6 18
-6 9
+3 18
+3 27
-4 9
+5 9
+2 9
-2 45
+2 9
-2 9
+2 9
+5 18
+4 18
+4 27
+4 18
+1 36
-7 36
+16 9
-1 9
+1 18
+10 90
cfi=(6)
cfn=(200)
calls=9 841 
* 5309
* 9
+4 45
+10 81
+7 9
+8 36
+4 27
fi=(5) ./elf/../sysdeps/x86_64/dl-machine.h
+97 9
fe=(102)
-93 36
fi=(130) ./elf/../sysdeps/x86_64/dl-irel.h
32 2
cob=(3)
cfi=(68) ./string/../sysdeps/x86_64/multiarch/strncmp.c
cfn=(236) strncmp
calls=1 +9 
* 8
cob=(3)
cfi=(70) ./string/../sysdeps/x86_64/multiarch/ifunc-memset.h
cfn=(240) memset
calls=1 +10 
* 18
* 4
fe=(102)

fl=(53) ./malloc/scratch_buffer_set_array_size.c
fn=(170) __libc_scratch_buffer_set_array_size
34 2
-4 2
+1 2
+3 2
-3 2
-1 2
+5 2
-5 4
+5 2
+11 2
-1 4
+18 8

fl=(55) ./elf/dl-sort-maps.c
fn=(174) _dl_sort_maps
28 12
+2 2
+4 2
+1 1
-2 1
+1 8
+1 2
cfi=(29) ./string/../sysdeps/x86_64/multiarch/memset-vec-unaligned-erms.S
cfn=(78) memset
calls=1 +74 
* 15
* 9
+4 2
+3 1
-3 2
+1 3
+2 1
-3 4
+3 2
-3 4
+1 6
+2 2
+12 12
+2 6
+1 4
-1 3
+1 2
+33 6
-36 12
+61 9
-31 4
-25 9
+1 6
+58 14
cfi=(29)
cfn=(78)
calls=2 -9 
* 32
* 8
-3 1
+7 8

fl=(10) ./elf/../sysdeps/unix/sysv/linux/dl-sysdep.c
fn=(66) _dl_discover_osversion
46 4
+2 3
+40 2
cfi=(25) ./posix/../sysdeps/unix/syscall-template.S
cfn=(68) uname
calls=1 +32 
* 5
+15 1
-15 2
+20 1
-1 1
+3 12
+4 3
-2 6
+2 11
+3 2
-1 2
+1 6
-3 8
+7 3
-1 3
+4 3
-2 3
+2 12
+8 1
+1 5

fl=(31) ./string/strdup.c
fn=(90) strdup
40 12
+1 3
cfi=(13) ./string/../sysdeps/x86_64/multiarch/../strlen.S
cfn=(28) strlen
calls=3 +38 
* 110
* 3
+1 6
cfi=(18)
cfn=(44)
calls=3 +7 
* 72
* 3
+2 6
+4 3
-1 9
+1 6
-1 3
cfi=(19) ./string/../sysdeps/x86_64/multiarch/memmove-vec-unaligned-erms.S
cfn=(46) memcpy
calls=3 +88 
* 46

fl=(42)
fn=(136)
51 22
-3 44
+6 22
+5 66
+2 33
-7 8

fl=(13)
fn=(28)
79 13
+1 13
+1 13
+1 13
+1 13
+1 13
+1 13
+2 13
+2 13
+31 13
+1 13
+1 13
+1 13
+1 13
+1 7
+2 7
+4 6
+1 6
+1 6
+1 6
+1 6
+1 6
+1 6
+1 6
+1 6
+1 6
+1 6
+1 6
+5 42
+74 3
+1 3
+1 3
+1 3
+1 3
+1 3
+1 3
+1 3
+16 3
+2 3
+1 42
+2 3
+1 3
+1 3
+2 3

fl=(16) ./elf/dl-object.c
fn=(50) _dl_add_to_namespace_list
31 3
+2 3
-2 6
+2 3
-2 6
+2 3
cfi=(2)
cfn=(52) rtld_lock_default_lock_recursive
calls=3 841 
* 6
+2 20
+3 20
+2 2
+2 2
+4 2
+4 2
+1 2
-5 4
+1 4
+1 2
+3 2
-3 2
+3 2
-1 2
cfi=(2)
cfn=(54) rtld_lock_default_unlock_recursive
calls=2 847 
* 4
-4 1
+4 1
+1 1
-5 2
+1 2
+1 1
+3 1
-3 1
+3 1
-1 1
cfi=(2)
cfn=(54)
calls=1 847 
* 2
-5 2

fn=(36) _dl_new_object
59 30
+3 3
-3 6
+3 6
+15 2
+3 6
cfi=(13)
cfn=(28)
calls=2 -1 
* 76
+4 2
-4 4
+4 2
+5 10
cfi=(18)
cfn=(40)
calls=2 +3 
* 104
* 2
* 4
cfi=(18)
cfn=(40)
calls=1 +3 
* 40
* 1
* 3
+3 6
+4 3
+5 3
-6 3
+6 3
-5 3
+5 3
-5 3
+5 3
-1 3
+1 3
-1 3
+1 3
cfi=(19)
cfn=(46)
calls=3 +34 
* 49
* 3
+15 6
-15 3
+15 3
-13 3
+13 10
+6 1
+2 7
+3 2
-3 14
+3 4
+2 3
+4 3
+3 14
fi=(20)
1222 3
fe=(16)
136 2
+2 1
-2 2
fi=(20)
1222 45
fe=(16)
136 30
+2 15
-2 30
+50 2
-34 2
-5 1
+5 1
-6 1
+6 1
-6 1
+6 6
-5 2
+5 2
-6 2
+6 2
-6 2
+6 4
+2 4
+3 4
-3 4
+7 8
+4 4
+8 2
+3 1
+10 2
-10 1
+10 1
-10 2
+10 4
-10 2
+10 2
+2 2
+21 2
-21 2
cfi=(13)
cfn=(28)
calls=2 79 
* 94
+4 2
-4 6
+17 2
-13 6
+50 6
cfi=(19)
cfn=(76) mempcpy
calls=2 122 
* 40
* 2
+5 4
+1 4
-1 80
+1 80
+2 4
+3 2
+3 2
+4 27
128 6
+37 6
-15 1
+7 4
+8 4
+31 4
cfi=(18)
cfn=(44)
calls=2 49 
* 48
* 2
* 2
+1 8
64 2
+1 6
+9 1
-5 2

fl=(14) ./elf/../misc/sbrk.c
fn=(30) sbrk
32 4
+8 6
+4 2
+16 5

fl=(12) ./elf/../sysdeps/x86/cpu-features.c
fn=(24) get_common_indices.constprop.0
71 2
+4 4
+3 3
+4 2
-4 1
+4 1
-4 1
+3 1
+1 1
+1 4
+1 4
+1 3
+1 2
+7 2
+1 3
+6 1
-6 4
+6 1
+1 7
+7 3
+4 2
+2 4
225 2
+4 3
+1 2
+3 1
-1 1
+4 1
+2 1
-2 1
+5 2
+50 3
118 2
+3 4
+3 2
+8 1
-5 2
+8 2
+2 1
+2 3
+4 2
+4 2
+7 3

fl=(52) ./misc/../sysdeps/unix/syscall-template.S
fn=(310) munmap
117 4
+5 1

fn=(166) mprotect
117 20
+5 5

fl=(15) ./elf/dl-environ.c
fn=(34) _dl_next_ld_env_entry
29 3
+3 28
+13 18
-13 36
+2 40
+1 14
+5 2
-3 2
+3 2
+2 2
+7 1

fl=(19)
fn=(46)
135 15
+6 15
+1 15
+1 8
+1 8
+5 5
+1 5
+1 5
+1 5
+5 5
301 7
+1 7
+1 1
+1 1
+1 1
+1 1
+1 1
+1 1
+1 1
+2 1
+22 6
+1 6
+1 6
+1 6
+1 6
+24 3
+1 3
+1 3
+1 3
+2 3
+1 3
+1 3
+1 3
+1 3
+1 3
+1 3
+1 3
+1 3
+1 3
+1 3
+1 3
+1 3
+1 3
+1 3
+1 3
+2 3

fn=(76)
122 26
+1 26
+1 26
+17 26
+1 26
+1 4
+1 4
+5 3
+1 3
+1 3
+1 3
+5 3
301 22
+1 22
+1 8
+1 8
+1 3
+1 3
+1 1
+4 1
+22 14
+1 14
+1 14
+1 14
+1 14
+3 5
+1 5
+1 5
+1 5
+1 5
+3 2
+1 2
+1 2
+1 2
+1 2
+10 1
+1 1
+1 1
+1 1
+2 1
+1 1
+1 1
+1 1
+1 1
+1 1
+1 1
+1 1
+1 1
+1 1
+1 1
+1 1
+1 1
+1 1
+1 1
+1 1
+2 1

fl=(26) ./elf/dl-load.c
fn=(152) open_path
1779 8
+1 1
-1 6
+1 1
+6 2
+5 2
-7 1
+7 1
-8 1
+8 6
+3 3
+9 6
+7 3
-12 1
+13 1
-1 1
cfi=(19)
cfn=(76)
calls=1 122 
* 12
* 1
+47 3
+8 2
-54 58
+3 24
+4 64
cfi=(19)
cfn=(76)
calls=8 122 
* 101
* 32
cfi=(19)
cfn=(76)
calls=8 122 
* 96
+3 16
+3 24
+3 56
cfn=(124) open_verify.constprop.0
calls=8 1466 
* 424
* 8
+2 24
+2 16
+65 7
+7 2
-2 1
+2 3
+3 3
-13 1
+27 9
-84 40
+1 64
+6 16
+2 16
-2 24
+2 16
cfi=(48)
cfn=(154)
calls=8 33 
* 101
* 8
+3 8
-3 16
+1 1
+2 1
-2 1
+2 30

fn=(84) expand_dynamic_string_token
378 6
+10 2
-10 8
+10 2
cfn=(86) _dl_dst_count
calls=2 231 
* 145
+3 4
+12 2
-11 2
+11 8
-11 2
cfi=(31)
cfn=(90)
calls=2 40 
* 196

fn=(120) _dl_map_object
1927 27
+8 6
+1 12
+3 42
+5 49
+2 21
cfi=(37)
cfn=(122)
calls=7 282 
* 656
* 14
+4 12
+1 18
+3 2
+1 2
+1 2
-1 2
+1 2
cfi=(21)
cfn=(56)
calls=2 144 
* 48
* 4
2238 27
1974 2
-2 2
+2 4
-2 4
-43 2
+53 6
+36 4
-2 2
+2 2
cfi=(30)
cfn=(88)
calls=2 24 
* 46
* 4
2169 2
-1 3
cfn=(84)
calls=1 378 
* 251
+2 1
-3 1
+1 1
+2 2
+4 6
cfn=(124)
calls=1 1466 
* 232
* 1
+3 2
+12 4
+46 1
+1 3
-1 1
+1 9
cfn=(130) _dl_map_object_from_fd
calls=1 866 
* 1601
-1 1
+1 3
-1 1
+1 9
cfn=(130)
calls=1 866 
* 1910
* 6
2022 2
cfi=(13)
cfn=(28)
calls=1 79 
* 16
* 2
+2 2
+7 4
+36 12
cfn=(152)
calls=1 1779 
* 1373
+6 1
-6 1
+6 4
+88 2
+28 4
+2 4
2035 5
+8 4
-3 3
659 1
2041 1
659 3
2074 1
659 2
2055 4
+1 8
659 1
2057 1
659 2
2066 2
+1 2
+15 1
+14 2
+2 3
+4 2
cfi=(49) ./elf/dl-cache.c
cfn=(156) _dl_load_cache_lookup
calls=1 187 
* 1428
* 1
+2 2
+4 2
+8 3
+23 7
cfn=(124)
calls=1 1466 
* 243
+4 2
-4 1
+4 1
+1 2

fn=(80) fillin_rpath.isra.0
445 7
+4 1
-4 9
+6 3
cfi=(18)
cfn=(82)
calls=1 265 
* 284
* 3
cfi=(18)
cfn=(82)
calls=1 265 
* 9
* 6
+7 2
+2 3
cfn=(84)
calls=1 -82 
* 126
* 1
+4 2
+5 2
cfi=(13)
cfn=(28)
calls=1 79 
* 16
* 1
+1 2
+7 5
+9 17
+1 8
+55 2
+2 2
cob=(2)
cfi=(17)
cfn=(92) 0x0000000004001080
calls=1 0 
* 5
* 1
-39 2
+4 9
cfi=(18)
cfn=(44)
calls=1 49 
* 24
* 1
+2 3
-2 1
+2 1
+5 1
+1 3
-2 1
+2 1
cfi=(19)
cfn=(76)
calls=1 122 
* 12
+3 2
-3 1
+1 1
+2 1
+6 3
+1 1
-1 1
+1 3
+1 1
-1 3
+1 7
-1 21
+3 1
+1 1
-1 1
+1 1
+7 1
+1 2
-57 4
+23 2
+43 1
+3 8
-15 2

fn=(130)
866 22
+10 2
-10 2
+10 2
-10 4
+10 2
cfi=(32) ./elf/dl-debug.c
cfn=(96) _dl_debug_initialize
calls=2 49 
* 16
* 2
+7 8
+61 8
+10 4
+7 8
+33 4
877 2
997 14
cfi=(16)
cfn=(36)
calls=2 59 
* 838
* 2
+1 4
+11 2
+5 2
-5 2
+1 4
+1 2
+2 2
-2 2
+2 4
+1 6
+1 4
+19 2
-2 2
+2 6
+8 2
-8 2
+8 4
-8 6
+8 2
-8 2
+8 4
+90 2
-6 2
-90 2
+30 2
+23 2
+43 2
-6 2
-91 2
+31 2
+66 2
-52 2
-50 4
+13 52
+17 2
+1 1
-19 57
+1 103
1144 2
1042 2
1144 2
+1 4
1042 6
1157 6
1010 4
1170 4
+10 4
fi=(43) ./elf/./dl-map-segments.h
56 4
fe=(26)
1180 6
fi=(43)
56 2
fe=(26)
1180 6
fi=(43)
56 4
-6 2
+6 4
-6 2
+6 2
cfi=(42)
cfn=(136)
calls=2 -5 
* 38
+4 4
-4 2
+4 2
+3 4
+1 2
+2 2
-3 2
+1 2
+2 2
+14 2
+2 2
fi=(44) ./elf/./dl-load.h
+8 16
+1 6
+2 16
fi=(43)
+11 32
+8 2
-2 2
+1 2
+2 2
-1 2
+1 2
-1 2
+3 4
+5 4
+3 4
+8 16
cfi=(29)
cfn=(78)
calls=2 -22 
* 312
+1 6
+5 4
+12 8
-59 40
+2 12
+2 6
-2 12
+2 48
cfi=(42)
cfn=(136)
calls=6 -43 
* 102
* 18
fe=(26)
1043 22
+23 24
+5 56
+10 16
-1 8
+4 16
-4 8
-1 8
+2 16
+2 8
-2 8
-1 8
+1 8
+1 8
-1 8
+2 8
+1 8
+4 16
+1 30
+5 6
-1 6
+1 6
-1 6
+1 24
-15 6
+15 12
+10 6
-10 2
-1 2
+1 2
-1 2
+1 8
-15 2
+15 4
+10 2
-55 4
+5 4
+1 8
+52 3
+4 1
+1 2
-58 1
+62 5
+1 1
+3 1
-3 1
+8 4
+15 4
+1 2
fi=(40) ./elf/../sysdeps/posix/dl-fileid.h
37 8
cfi=(41)
cfn=(134)
calls=2 -4 
* 20
* 4
fe=(26)
901 4
fi=(40)
40 2
+1 2
fe=(26)
901 2
fi=(40)
40 2
fe=(26)
901 2
fi=(40)
41 2
fe=(26)
901 21
+1 10
fi=(40)
49 12
fe=(26)
1417 18
920 4
fi=(43)
73 10
cfi=(52)
cfn=(166)
calls=1 +44 
* 5
* 3
fe=(26)
1192 8
+9 6
fi=(3) ./elf/get-dynamic-info.h
42 2
+6 2
-2 2
+2 4
+15 2
+5 2
+3 2
-2 2
-2 2
-3 4
-1 40
+1 24
-16 8
+26 8
-26 53
+26 37
-26 74
+2 90
+17 70
fi=(44)
+27 4
+2 1
-1 2
+1 1
-1 1
+1 1
-1 1
+1 1
-1 2
+3 4
fi=(3)
-33 10
+3 8
+3 8
+1 4
+1 4
+8 4
+20 7
+1 8
+1 8
+1 8
+2 8
+5 8
+1 7
+1 8
+5 6
+5 4
+7 4
+1 6
+18 6
+5 2
+2 2
+2 2
+2 2
+3 6
+2 3
+1 2
+9 2
+5 2
+3 4
fe=(26)
1208 4
+2 4
+19 6
+19 4
+2 10
+48 6
+1 2
+3 2
cfi=(45)
cfn=(144)
calls=1 26 
* 5
* 2
cfi=(45)
cfn=(144)
calls=1 26 
* 5
* 4
+9 4
+2 8
+2 4
+16 4
cfi=(6)
cfn=(10)
calls=2 964 
* 46
+4 4
+1 4
+17 4
+4 2
+5 2
-5 2
+5 2
+10 4
+9 4
+1 4
+5 1
cfi=(33) ./elf/../elf/dl-tls.c
cfn=(168) _dl_next_tls_modid
calls=1 107 
* 6
* 1
+7 3
cfi=(16)
cfn=(50)
calls=1 31 
* 45
* 3
cfi=(16)
cfn=(50)
calls=1 31 
* 41
+4 6
-44 2
fi=(43)
141 8
cfi=(42)
cfn=(136)
calls=1 -90 
* 17
+3 2
fe=(26)
1207 2

fn=(70) _dl_init_paths
681 1
+13 2
-13 8
+13 3
cfi=(27) ./elf/dl-hwcaps.c
cfn=(72) _dl_important_hwcaps
calls=1 42 
* 733
+5 1
-5 1
+5 1
cfi=(18)
cfn=(44)
calls=1 49 
* 24
* 1
-1 1
+2 2
+7 2
+1 4
-1 3
+4 4
cfi=(18)
cfn=(44)
calls=1 49 
* 24
* 1
* 2
+2 2
+7 1
+10 1
-2 2
+2 1
+3 2
+9 1
-7 1
+7 2
-3 1
-20 1
+12 1
+3 1
+8 1
-3 1
+1 16
cfi=(29)
cfn=(78)
calls=4 109 
* 48
+2 18
-14 3
+10 3
-10 3
+14 3
-12 6
+4 3
+4 3
-7 3
+3 3
+1 3
-2 3
+5 3
+1 3
-4 3
+4 3
+14 1
-11 1
+6 1
+1 1
+5 2
+2 4
+2 3
+38 5
-19 1
-2 1
+2 2
+21 3
cfi=(13)
cfn=(28)
calls=1 79 
* 16
* 8
cfi=(19)
cfn=(46)
calls=1 135 
* 10
* 1
+5 4
-1 2
+2 1
+1 1
-1 15
+1 13
-1 26
-1 56
+5 2
cfi=(18)
cfn=(44)
calls=1 49 
* 24
* 1
-1 1
+1 1
+1 2
+6 6
cfn=(80)
calls=1 445 
* 645
+3 3
+6 1
+4 8
-37 2

fn=(86)
231 4
+3 4
-3 8
+7 4
-7 8
+3 4
cfi=(30)
cfn=(88)
calls=4 24 
* 181
+3 8
+20 28

fn=(124)
1466 110
+39 10
-39 10
+39 20
+31 40
cfi=(38)
cfn=(126)
calls=10 37 
* 204
* 10
+2 20
+11 2
+6 4
-5 2
+5 16
cfi=(39) ./io/../sysdeps/unix/sysv/linux/read_nocancel.c
cfn=(128) __read_nocancel
calls=2 26 
* 10
+2 4
+2 4
+2 4
+6 4
+16 18
-65 8
1765 90
1583 14
+74 4
+5 4
+2 8
+6 4
+6 2
+1 2
-1 6
+1 6
+1 4
+20 8
1543 4
1698 96
+1 40
+1 8
+4 8
+17 2
+8 18
+15 2
+6 3
-3 1
+1 1
+3 1
-3 2
+1 1
-1 1
-1 1
+4 2
1583 3
1761 4
cob=(2)
cfi=(17)
cfn=(92)
calls=2 0 
* 10
* 2
-29 18
-1 2
+4 6
+5 1
+1 2
-36 8

fl=(114) ./elf/dl-open.c
fn=(432) _dl_find_dso_for_object
201 5
+4 5
+1 4
+1 12
+1 2
-2 6
+5 2
+4 7

fl=(11) ./elf/../sysdeps/unix/sysv/linux/x86_64/brk.c
fn=(20) brk
31 5
+2 2
+6 1
+1 1

fl=(34) ./string/../sysdeps/x86_64/strcspn.S
fn=(104) strcspn
30 1
+7 1
+1 1
+2 1
+1 1
+1 1
+1 1
+1 33
+3 2
+7 1
+1 1
+1 1
+1 1
+2 1
+1 1
+1 1
+1 1
+2 1
+1 1
+1 1
+9 3
+12 1
+2 1
+1 1
+1 1
-4 16
+2 16
+1 16
+1 16
+2 16
+1 16
+1 16
+2 16
+1 16
+1 16
+2 16
+1 16
+1 16
+6 1
+7 1
+4 1

fl=(49)
fn=(164) _dl_cache_libcmp
142 33
+4 55
-2 55
+2 55
-2 110
+20 108
+2 108
-24 44
+28 44
+1 44
-29 88
+4 2
+8 1
-2 2
+1 2
+1 2
-2 1
+2 1
+2 3
-3 1
+3 1
+2 2
cfn=(165) _dl_cache_libcmp'2
calls=1 -16 
* 6
+9 20

fn=(165)
142 3
+32 3

fn=(156)
187 9
+8 2
+3 3
+72 1
+9 1
-9 2
+11 1
-2 1
fi=(51) ./elf/../sysdeps/x86/dl-procinfo.h
39 2
+3 3
cfi=(21)
cfn=(56)
calls=1 144 
* 65
* 4
fe=(49)
285 4
cfi=(8)
cfn=(26)
calls=1 +82 
* 19
* 2
+8 2
+15 135
cfn=(164)
calls=10 142 
* 718
* 50
+31 2
-31 10
cfn=(164)
calls=1 142 
* 70
* 6
-15 2
+1 3
+14 1
-15 2
+15 32
+16 2
+4 2
+8 3
cfi=(13)
cfn=(28)
calls=1 79 
* 34
+1 1
-1 6
+1 1
cfi=(19)
cfn=(46)
calls=1 135 
* 10
* 1
+1 1
cfi=(31)
cfn=(90)
calls=1 40 
* 86
+1 8
201 4
cfi=(37)
cfn=(158)
calls=1 44 
* 94
* 1
+8 5
+1 8
fi=(50) ./elf/../sysdeps/generic/dl-cache.h
-58 1
+1 5
fe=(49)
+65 1
+1 2

fn=(308) _dl_unload_cache
349 4
-1 1
+3 2
cfi=(52)
cfn=(310)
calls=1 117 
* 5
+1 1
+2 2

fl=(47)
fn=(148) _dl_map_object_deps
159 2
+1 2
-1 2
+1 1
-1 1
+1 1
-1 1
+1 1
-1 4
+1 1
-8 1
+7 1
+1 1
-1 1
+1 1
-8 2
-6 1
+6 1
-7 1
+15 1
-16 1
+2 1
+6 1
+24 4
-28 3
-2 1
+31 1
-33 2
+2 2
+30 2
-30 1
-1 1
+1 1
+6 4
+24 2
-32 1
+60 1
-60 2
+36 1
+20 1
fi=(54) ./elf/../include/scratch_buffer.h
78 1
fe=(47)
180 1
fi=(54)
77 3
fe=(47)
198 1
+89 1
-89 1
+2 1
+9 1
+4 1
-4 1
+4 2
-4 3
+4 3
-4 3
+4 6
+11 14
-18 2
+18 2
433 8
+2 4
+3 2
-3 2
+3 4
cfi=(18)
cfn=(44)
calls=2 49 
* 48
* 2
* 2
+1 4
+6 2
+1 10
cfi=(19)
cfn=(46)
calls=2 135 
* 20
+1 12
cfi=(19)
cfn=(46)
calls=2 135 
* 20
+4 2
-1 2
+5 16
204 9
+22 2
+11 2
-5 2
-6 4
+5 2
+2 4
+1 4
+3 8
+66 2
-97 2
+97 2
-66 2
+66 6
-55 6
-2 2
+2 2
cfi=(35)
cfn=(114)
calls=2 -73 
* 5934
* 2
+1 4
+9 2
+2 4
+5 2
+6 2
+2 2
-8 4
+3 2
+1 2
+1 2
+1 2
+4 10
+4 4
+1 4
-43 200
+1 100
+6 8
cfi=(26)
cfn=(86)
calls=2 -13 
* 104
* 10
+38 144
fi=(54)
85 3
fe=(47)
464 6
+4 5
+11 4
cfi=(18)
cfn=(44)
calls=1 49 
* 24
* 1
* 1
+2 2
+5 2
+3 2
-3 4
+1 1
+2 1
+2 12
+4 12
+4 4
-10 12
+13 2
+51 3
+2 4
+35 6
cfi=(19)
cfn=(46)
calls=1 135 
* 10
+4 5
cfi=(55)
cfn=(174)
calls=1 28 
* 215
+3 1
+2 1
+1 1
-1 1
+2 2
+7 3
+3 2
+3 8
458 9
-1 4
+1 8
199 3
465 2
214 25
+3 2
fi=(54)
-86 6
cfi=(53)
cfn=(170)
calls=2 -97 
* 34
fe=(47)
+86 4
+4 4
554 2
380 6

fn=(150)
61 4
+7 2
-4 4
+1 2
-1 16
cfi=(26)
cfn=(120)
calls=2 1927 
* 5794
* 2
+5 4

fl=(29)
fn=(78)
109 50
+6 10
+1 10
+1 6
+1 6
+2 4
+1 4
+2 4
+65 2
+1 2
+10 2
+1 2
+1 2
+1 2
+1 2
+1 2
+1 2
+1 2
+1 2
+1 2
+1 2
+1 2
+1 2
+1 2
+2 40
+1 40
+1 40
+1 40
+1 40
+1 40
+1 40
+1 2
+15 4
+1 4
+1 4
+1 3
+1 3
+1 1
+1 1
+24 1
+1 1
+2 1
+3 2
+1 2
+2 2
+3 1
+1 1
+2 1

fl=(57) ./elf/dl-reloc.c
fn=(300) _dl_protect_relro
329 4
-1 8
+1 16
+3 4
-3 4
+3 4
+4 8
+7 8
-6 12
cfi=(52)
cfn=(166)
calls=4 117 
* 20
* 8

fn=(192) _dl_relocate_object
167 40
+15 4
-15 8
+15 4
+1 20
+6 8
+6 20
-18 8
+22 8
+7 16
+40 4
fi=(5)
76 4
fe=(57)
246 8
fi=(5)
76 12
+6 6
+4 9
+14 3
-8 3
+8 6
+20 6
+11 12
fe=(57)
274 126
-96 18
fi=(4) ./elf/do-rel.h
48 3
-1 3
-1 3
+1 3
+1 3
+10 6
fe=(57)
274 1
-96 6
fi=(4)
48 1
-1 1
-1 1
+1 1
+1 1
+10 2
-10 4
-1 4
-1 4
+1 4
+1 4
+10 8
-7 3
-1 3
+11 15
fi=(5)
558 34
+4 34
+3 51
+1 17
fi=(4)
61 51
+2 228
+2 120
-4 120
+13 6
+1 5
+1 80
fi=(5)
558 40
+26 40
-1 80
-25 40
+26 80
+1 40
cob=(3)
cfi=(61) ./string/../sysdeps/x86_64/multiarch/ifunc-strcasecmp.h
cfn=(296) strncasecmp_l
calls=1 32 
* 5
cob=(3)
cfi=(64) ./string/../sysdeps/x86_64/multiarch/ifunc-avx2.h
cfn=(294) strchrnul
calls=1 32 
* 9
cob=(3)
cfi=(81) ./wcsmbs/../sysdeps/x86_64/multiarch/ifunc-memcmp.h
cfn=(290) wmemcmp
calls=1 34 
* 12
cob=(3)
cfi=(59) ./string/../sysdeps/x86_64/multiarch/ifunc-strcpy.h
cfn=(286) stpcpy
calls=1 36 
* 8
cob=(3)
cfi=(59)
cfn=(282) stpncpy
calls=1 36 
* 8
cob=(3)
cfi=(71) ./string/../sysdeps/x86_64/multiarch/ifunc-sse4_2.h
cfn=(280) strspn
calls=1 30 
* 6
cob=(3)
cfi=(65) ./wcsmbs/../sysdeps/x86_64/multiarch/ifunc-avx2.h
cfn=(278) wcslen
calls=1 32 
* 9
cob=(3)
cfi=(64)
cfn=(276) memchr
calls=1 32 
* 9
cob=(3)
cfi=(61)
cfn=(272) strcasecmp_l
calls=1 32 
* 5
cob=(3)
cfi=(64)
cfn=(270) memrchr
calls=1 32 
* 9
cob=(3)
cfi=(64)
cfn=(268) strlen
calls=1 32 
* 9
cob=(3)
cfi=(77) ./string/../sysdeps/x86_64/multiarch/strchr.c
cfn=(266) index
calls=1 40 
* 8
cob=(3)
cfi=(71)
cfn=(264) strpbrk
calls=1 30 
* 6
cob=(3)
cfi=(76) ./wcsmbs/../sysdeps/x86_64/multiarch/wcscpy.c
cfn=(262) wcscpy
calls=1 37 
* 6
cob=(3)
cfi=(75) ./wcsmbs/../sysdeps/x86_64/multiarch/ifunc-wmemset.h
cfn=(260) wmemset
calls=2 32 
* 32
cob=(3)
cfi=(74) ./wcsmbs/../sysdeps/x86_64/multiarch/wcsnlen.c
cfn=(258) wcsnlen
calls=1 40 
* 8
cob=(3)
cfi=(58) ./string/../sysdeps/x86_64/multiarch/ifunc-memmove.h
cfn=(256) memcpy@@GLIBC_2.14
calls=1 45 
* 16
cob=(3)
cfi=(59)
cfn=(252) strcpy
calls=1 36 
* 8
cob=(3)
cfi=(61)
cfn=(248) strncasecmp
calls=1 32 
* 5
cob=(3)
cfi=(71)
cfn=(246) strcspn
calls=1 30 
* 6
cob=(3)
cfi=(64)
cfn=(244) strnlen
calls=2 32 
* 18
cob=(3)
cfi=(65)
cfn=(242) wcschr
calls=2 32 
* 18
cob=(3)
cfi=(70)
cfn=(240)
calls=1 42 
* 18
cob=(3)
cfi=(69) ./string/../sysdeps/x86_64/multiarch/strcmp.c
cfn=(238) strcmp
calls=1 41 
* 8
cob=(3)
cfi=(68)
cfn=(236)
calls=1 41 
* 8
cob=(3)
cfi=(66) ./string/../sysdeps/x86_64/multiarch/ifunc-memcmp.h
cfn=(232) bcmp
calls=1 34 
* 12
cob=(3)
cfi=(58)
cfn=(230) mempcpy
calls=1 45 
* 16
cob=(3)
cfi=(65)
cfn=(228) wcscmp
calls=1 32 
* 9
cob=(3)
cfi=(65)
cfn=(226) wmemchr
calls=2 32 
* 18
cob=(3)
cfi=(64)
cfn=(224) rawmemchr
calls=1 32 
* 9
cob=(3)
cfi=(64)
cfn=(222) rindex
calls=1 32 
* 9
cob=(3)
cfi=(59)
cfn=(218) strcat
calls=1 36 
* 8
cob=(3)
cfi=(61)
cfn=(214) strcasecmp
calls=1 32 
* 5
cob=(3)
cfi=(59)
cfn=(210) strncpy
calls=1 36 
* 8
cob=(3)
cfi=(58)
cfn=(208) memmove
calls=2 45 
* 32
fi=(4)
75 40
fi=(5)
586 40
fi=(4)
75 82
fe=(57)
274 32
+3 12
+24 4
+3 8
+17 8
196 8
fi=(4)
84 5
-1 5
+3 5
+12 5
-15 5
+3 5
+12 10
+10 6
+10 6
+3 8
+3 8
-74 3
fi=(5)
497 3
fi=(4)
51 3
fi=(5)
497 6
fi=(4)
127 420
+9 210
+1 105
-1 210
+1 105
+2 105
-2 105
+2 210
-1 210
fi=(5)
276 210
+21 210
+4 210
+7 420
fi=(20)
126 264
fi=(5)
308 1716
fi=(4)
138 84
fi=(5)
308 84
fi=(4)
138 84
fi=(5)
308 84
fi=(4)
138 84
fi=(5)
308 168
fi=(4)
138 1
fi=(5)
308 1
fi=(4)
138 1
fi=(5)
308 1
fi=(4)
138 1
fi=(5)
308 1022
cfi=(6)
cfn=(200)
calls=85 841 
* 46252
* 510
+1 264
+30 630
463 261
+1 87
fi=(4)
124 315
+19 12
fi=(5)
435 51
+4 68
+5 17
+9 17
-9 34
+9 34
+50 3
+4 6
cfi=(19)
cfn=(46)
calls=1 135 
* 10
+2 3
+1 1
fi=(4)
111 9
+1 3
fi=(5)
542 3
fi=(4)
112 3
fi=(5)
542 6
fi=(4)
112 1216
fi=(5)
542 1216
fi=(4)
112 1216
fi=(5)
542 2432
+5 2438
+1 1219
fi=(4)
111 1219
fi=(5)
548 2438
fi=(4)
111 2438
+7 9
-67 1
160 4
+2 20
+9 15
-1 30
fi=(5)
276 10
+21 10
+4 10
+7 20
fi=(20)
126 15
fi=(5)
308 165
cfi=(6)
cfn=(200)
calls=5 841 
* 2542
* 35
+1 15
+30 64
-30 150
+3 99
-3 99
+3 198
-4 23
+1 82
+3 82
-3 164
fe=(57)
-35 24
fi=(5)
+34 99
fe=(57)
+14 8
cfn=(300)
calls=4 +7 
* 96
+1 32
fi=(5)
124 12
-2 6
fe=(57)
274 2
fi=(5)
463 15
+1 5
fi=(4)
160 15
+14 3
fi=(5)
309 1
+3 1
-3 1
+3 2
-3 1
+3 1
-3 2
fe=(57)

fl=(39)
fn=(128)
26 8
+1 2

fl=(1) ???
fn=(0) 0x0000000000001090
0 2
cfi=(2)
cfn=(2) _dl_start
calls=1 499 
0 105263
0 14
cfi=(84) ./elf/dl-init.c
cfn=(314) _dl_init
calls=1 79 
0 2080
0 3
cob=(5)
cfi=(93)
cfn=(350)
calls=1 0 
0 38954182

fl=(56) ./elf/dl-version.c
fn=(182) _dl_check_map_versions
156 28
+15 4
-15 8
+15 8
+2 12
+2 4
+1 4
-1 4
+1 4
+2 8
+3 4
-16 2
-8 2
+28 2
-4 2
+4 6
+16 2
37 2
201 2
37 2
201 2
37 10
+1 5
-1 10
+2 21
cfi=(37)
cfn=(122)
calls=7 282 
* 589
* 14
209 6
+5 2
-71 4
+71 4
-71 6
+79 2
-2 2
-2 4
+4 2
-4 12
+4 2
-2 2
-2 4
+4 2
-4 22
57 4
+8 6
-8 4
+8 6
+6 12
+16 4
+1 8
+2 4
+5 40
+14 42
+12 51
+4 17
-30 34
225 16
+3 12
+5 2
-11 2
111 4
+3 16
cfi=(21)
cfn=(56)
calls=4 +30 
* 188
* 22
237 8
+14 4
+3 6
+3 12
+3 8
+4 2
-7 8
+3 6
+4 33
-7 132
+3 101
+8 6
+89 36
165 2
+86 2
-94 2
+94 3
+23 12
cfi=(18)
cfn=(40)
calls=3 92 
* 99
* 3
-1 3
+1 3
+1 6
+13 3
-3 3
+3 6
+2 9
+3 6
+4 6
+18 2
-15 2
+2 2
-2 2
+2 2
-2 2
+2 4
-2 2
+2 2
-2 2
+2 2
-2 2
+2 4
+2 4
+1 4
-1 12
+1 4
+1 4
-2 4
+2 8
+1 12
+3 12
+8 6
+10 9
+3 8
+20 35
-14 74
-2 35
+6 35
+1 35
+1 35
-1 105
+1 35
-1 35
+1 35
+1 35
+3 113

fn=(180) _dl_check_all_versions
362 5
+4 5
-2 2
+4 24
cfn=(182)
calls=4 156 
* 2585
-2 4
+2 12
-1 4
-1 8
+5 7

fl=(25)
fn=(68)
120 4
+2 1

fl=(101)
fn=(388)
72 7
+3 7
+2 7
+10 7
+6 7
+1 7
+1 7
+1 7
+1 7
+1 7
+1 7
+4 7
+1 7
+3 7
+1 7
+2 7
+1 7
+1 7
+1 7
+1 7
+1 7
+2 7
+7 7
+1 7
+1 7
cfi=(102)
cfn=(390)
calls=7 -60 
* 4440
+1 7
+5 7
+1 7
+1 7
+2 7
+1 7
+1 7
+1 7
+1 7
+1 7
+1 7
+2 7
+2 7
+4 7
+3 7

fn=(389) _dl_runtime_resolve_xsave'2
72 2
+3 2
+2 2
+10 2
+6 2
+1 2
+1 2
+1 2
+1 2
+1 2
+1 2
+4 2
+1 2
+3 2
+1 2
+2 2
+1 2
+1 2
+1 2
+1 2
+1 2
+2 2
+7 2
+1 2
+1 2
cfi=(102)
cfn=(390)
calls=2 -60 
* 1621
+1 2
+5 2
+1 2
+1 2
+2 2
+1 2
+1 2
+1 2
+1 2
+1 2
+1 2
+2 2
+2 2
+4 2
+3 2

fl=(46) ./io/../sysdeps/unix/sysv/linux/access.c
fn=(146) access
27 7
+4 1

fl=(38)
fn=(126)
37 11
-3 33
+3 66
+8 77
+2 3
-2 24
+2 8

fl=(32)
fn=(100) _dl_debug_state
74 2

fn=(96)
49 8
+5 6
+5 2
-1 1
+1 2
+1 2
-1 1
+5 1
-14 4
+4 8
+3 1
+1 5

fl=(2)
fn=(118)
642 1
+2 1
-2 1
+2 1
+1 2
-1 2
+1 3
cfi=(26)
cfn=(120)
calls=1 1927 
* 2448
* 1
+2 2

fn=(102) handle_preload_list
897 7
+5 5
-4 1
+10 2
+7 1
201 1
917 2
201 2
919 2
+1 4
cfn=(106) do_preload
calls=1 807 
* 2567
* 1
-18 2
+3 3
cfi=(34)
cfn=(104)
calls=1 30 
* 271
* 1
+1 3
+2 4
cfi=(19)
cfn=(46)
calls=1 135 
* 26
+1 2
+14 9

fn=(184) init_tls
735 3
+2 1
+4 1
-4 1
+4 2
+11 1
-1 3
cfi=(18)
cfn=(40)
calls=1 92 
* 33
* 1
-4 1
+15 1
-12 1
+6 1
-9 1
+11 1
+4 1
+2 3
-1 3
+3 1
+4 1
-4 4
+4 3
-4 3
+4 1
+2 1
-2 1
+4 2
-9 1
-1 2
+1 3
-1 6
+10 2
+3 2
cfi=(33)
cfn=(186) _dl_tls_static_surplus_init
calls=1 69 
* 73
+3 1
cfi=(33)
cfn=(188) _dl_determine_tlsoffset
calls=1 191 
* 73
+7 1
cfi=(33)
cfn=(190) _dl_allocate_tls_storage
calls=1 389 
* 387
* 1
+1 2
+6 1
+3 2
-3 1
+3 6
+3 1
+3 5

fn=(52)
841 4
+1 4

fn=(178)
675 2
+2 4
cfi=(56)
cfn=(180)
calls=1 362 
* 2656
* 2
+4 2

fn=(2)
499 9
67 3
fi=(5)
-8 1
fe=(2)
+8 1
fi=(3)
-19 1
fi=(5)
+11 2
fe=(2)
543 1
-3 1
fi=(3)
48 2
+15 1
+5 1
+3 1
+1 1
+1 1
-4 1
-2 1
-3 2
-1 20
+1 12
-16 4
+26 4
-26 9
+26 1
-26 2
+2 36
+17 13
-19 13
+26 13
-26 26
+33 2
+20 4
+1 4
+1 4
+1 4
+2 4
+5 4
+1 4
+1 4
+5 3
+5 2
+7 3
+1 3
+8 3
+3 3
+4 2
+1 2
fe=(2)
554 2
+7 1
67 1
466 1
67 3
466 1
cfi=(6)
cfn=(10)
calls=1 964 
* 23
+1 1
+18 2
-18 1
+1 2
+1 2
+1 2
+9 1
+6 1
cfi=(7) ./elf/../elf/dl-sysdep.c
cfn=(12) _dl_sysdep_start
calls=1 89 
* 104162
* 1
+2 2
+99 9
fi=(3)
65 5
+3 4
fe=(2)
559 7
fi=(4)
46 1
fe=(2)
559 3
fi=(4)
86 3
fe=(2)
559 4
fi=(4)
47 1
fe=(2)
559 3
fi=(4)
47 3
+37 1
-1 1
+28 3
+1 2
fi=(5)
547 2
fi=(4)
112 86
fi=(5)
547 86
+1 44
fi=(4)
111 44
fi=(5)
548 88
fi=(4)
111 88
+5 2
fi=(5)
427 1
fi=(4)
124 2
fi=(5)
339 18
fi=(4)
124 27
+12 9
+3 9
-3 9
fi=(5)
301 9
fi=(4)
139 9
-3 9
+1 18
fi=(5)
301 18
+8 90
+3 18
+27 45
fi=(3)
71 4
+1 2
+1 2
fi=(5)
359 18
+1 9
fe=(2)

fn=(32) dl_main
1127 1
+15 1
-15 4
2706 1
1127 6
+15 1
+4 2
+1 2
+5 2
2554 1
1127 1
2554 1
+7 1
1127 1
2561 2
1127 1
215 1
2561 1
216 1
2561 1
217 1
2561 1
-4 1
-1 2
+7 2
cfi=(15)
cfn=(34)
calls=1 29 
* 26
* 4
cfi=(15)
cfn=(34)
calls=2 29 
* 122
* 9
+4 6
-2 2
+2 6
+1 2
-1 6
+1 17
-1 89
+9 12
2725 3
+32 3
1162 4
2652 3
+1 3
-56 2
+7 2
1370 7
cfi=(16)
cfn=(36)
calls=1 59 
* 291
* 1
+2 2
+1 1
+1 1
+5 2
-5 1
+1 3
+4 1
cfi=(16)
cfn=(50)
calls=1 31 
* 32
+1 2
1136 1
1409 1
-3 1
-5 1
+8 1
-7 1
+2 1
+5 4
+56 1
1133 1
1465 2
-37 1
+22 1
+15 2
-55 99
+95 2
+1 2
+1 1
-98 21
1518 1
+3 1
+2 1
-5 2
+3 2
+2 2
+2 2
+13 3
+3 1
-2 1
+2 1
-2 2
+2 1
-2 2
cfi=(21)
cfn=(56)
calls=1 144 
* 24
* 2
+10 1
-3 1
-2 1
+3 1
+2 2
+1 2
+4 2
+2 2
fi=(3)
33 1
+9 2
+6 1
-2 1
+2 2
+15 1
+5 1
+3 1
-2 1
-2 1
-3 2
-1 24
+1 15
-16 5
+26 5
-26 11
+26 1
-26 2
+2 50
+17 19
-19 19
+26 19
-26 38
+33 3
+20 3
+1 4
+1 4
+1 4
+2 4
+5 4
+1 4
+1 4
+5 3
+5 2
+7 2
+1 3
+18 3
+14 3
+2 3
+1 2
+9 2
+5 2
+3 2
fe=(2)
1561 2
cfi=(6)
cfn=(10)
calls=1 964 
* 23
+3 2
fi=(22) ./elf/./setup-vdso.h
24 2
fi=(24) ./elf/../sysdeps/unix/sysv/linux/dl-vdso-setup.h
+21 1
fe=(2)
1589 2
cfi=(10)
cfn=(66)
calls=1 46 
* 99
* 8
1414 1
-5 1
+5 2
-5 2
+29 1
-9 1
+27 1
-27 1
+2 1
-3 1
+10 2
-19 1
-10 1
+10 2
-10 2
+56 4
-1 4
+1 8
-1 4
+2 8
+1 1
+3 2
+1 2
-1 6
+1 6
+1 4
+1 10
-64 1
+65 1
-65 2
+92 1
-92 1
+92 1
-92 2
fi=(3)
65 5
+3 4
+3 4
+1 2
+1 2
fi=(23) ./elf/../sysdeps/unix/sysv/linux/dl-vdso.h
-33 1
+1 2
fe=(2)
1594 2
cfi=(26)
cfn=(70)
calls=1 681 
* 1841
+3 3
cfi=(32)
cfn=(96)
calls=1 49 
* 17
+7 1
-7 1
+2 1
+5 1
+4 1
+3 1
-3 3
+1 2
+3 1
+5 1
-7 1
+7 1
+18 2
+1 2
+5 1
-3 2
+2 1
+1 2
+5 3
+1 5
-1 2
+9 2
+6 2
1137 1
1660 1
+25 1
cfi=(33)
cfn=(98) _dl_count_modids
calls=1 169 
* 5
* 1
+8 3
+3 2
+4 3
+5 2
+1 1
cfi=(32)
cfn=(100)
calls=1 74 
* 1
+5 3
+16 3
+2 1
+2 2
+8 2
+15 3
cfi=(46)
cfn=(146)
calls=1 27 
* 8
* 2
+76 4
67 1
1850 1
67 2
1850 1
67 1
1850 6
cfi=(47)
cfn=(148)
calls=1 159 
* 7345
74 1
1855 1
74 2
+9 2
1855 2
+1 6
-1 4
+1 6
-1 12
+4 3
+1 3
+1 1
+2 2
+1 5
-1 9
+1 6
+12 1
+1 1
-1 2
+1 2
+2 1
+2 3
+2 1
-4 1
+5 1
-1 2
+14 2
+1 2
+1 3
+11 1
+1 1
-1 1
+2 4
-2 3
+2 1
cfi=(35)
cfn=(176)
calls=1 238 
* 2682
+10 1
+1 1
-1 1
+1 1
+3 2
856 1
fi=(138) ./elf/../sysdeps/unix/sysv/linux/dl-osinfo.h
64 2
fe=(2)
858 1
fi=(138)
77 1
fe=(2)
867 1
+7 1
-5 1
1931 3
2161 3
2604 4
+2 2
+1 1
1618 6
-11 4
fi=(24)
30 5
+3 1
+3 1
+3 1
fi=(23)
+16 2
fe=(2)
1649 2
+1 2
+1 1
2230 1
-13 1
+4 1
+6 1
-10 1
+10 1
-6 1
+9 2
+54 3
+3 1
67 2
2291 1
67 2
2292 20
+2 8
+5 8
+2 8
+6 4
+2 8
+1 24
cfi=(57)
cfn=(192)
calls=3 167 
* 70660
+4 10
+1 3
cfi=(33)
cfn=(302) _dl_add_to_slotinfo
calls=1 944 
* 27
* 1
-12 1
+1 1
-3 3
74 3
+1 1
2323 1
75 1
2323 1
+2 1
+3 4
+2 1
+7 3
cfi=(33)
cfn=(304) _dl_allocate_tls_init
calls=1 494 
* 131
+3 2
+9 3
+2 4
67 1
2364 1
+1 3
67 3
2365 2
cfi=(57)
cfn=(192)
calls=1 167 
* 6484
74 3
+9 2
2375 1
cfi=(7)
cfn=(306) _dl_sysdep_start_cleanup
calls=1 259 
* 1
+4 3
+21 3
cfi=(32)
cfn=(96)
calls=1 49 
* 8
+1 1
+1 1
cfi=(32)
cfn=(100)
calls=1 74 
* 1
+5 1
cfi=(49)
cfn=(308)
calls=1 349 
* 15
+5 8
1874 2
2653 2
+2 2
+1 1
1924 2
cfn=(184)
calls=1 735 
* 646
* 2
67 1
1735 1
67 2
1735 1
67 1
1735 2
cfn=(102)
calls=1 897 
* 2916
* 1
74 3
+9 3
1834 5
+1 1
-1 2
+4 3
+1 1
+1 2
+1 2
-7 2

fn=(106)
807 1
+12 1
-12 5
+10 1
-4 1
+6 2
-5 1
+5 2
-10 1
+6 1
+4 1
cfi=(35)
cfn=(110)
calls=1 225 
* 2538
* 1
+1 3
+8 3
+6 5

fn=(54)
847 4
+1 4

fl=(27)
fn=(72)
42 5
+1 1
-1 5
+1 1
-1 1
+1 1
-1 1
+1 2
-1 1
+1 1
cfi=(8)
cfn=(26)
calls=1 367 
* 19
* 1
+2 1
+1 2
-1 1
+1 1
+9 1
-12 1
+12 5
+1 1
+1 1
-1 2
+1 1
-1 1
+73 1
-72 1
+72 1
-74 12
+10 3
185 1
+5 1
-5 1
+5 5
-2 2
-2 1
+2 1
-2 1
+2 2
-2 1
+2 1
-2 1
fi=(28) ./elf/../sysdeps/x86/dl-hwcap.h
57 6
fe=(27)
188 1
+1 1
cfi=(13)
cfn=(28)
calls=1 79 
* 16
+1 1
+5 1
-5 2
-1 1
-4 1
+5 1
+5 1
+2 1
-7 1
-5 2
-37 2
+1 1
-1 6
+37 2
+8 3
+3 1
-1 1
+1 1
+4 1
+2 1
-2 3
+1 1
-1 1
+4 2
+4 2
-1 2
+4 7
+1 2
+18 11
+1 2
-1 1
+1 3
cfi=(18)
cfn=(44)
calls=1 49 
* 24
* 1
+1 4
-1 1
+1 3
+31 4
+10 3
+21 1
-21 1
+21 2
-21 1
+21 1
-28 2
+13 1
+3 1
-9 1
+10 1
-1 2
-3 1
-32 1
+36 5
-4 2
-3 1
+3 1
cfi=(19)
cfn=(76)
calls=1 122 
* 16
* 2
-3 1
+3 1
cfi=(19)
cfn=(76)
calls=1 122 
* 16
* 2
+3 2
-3 6
+3 5
+1 12
+1 2
-2 1
+2 1
cfi=(19)
cfn=(76)
calls=1 122 
* 14
* 2
-2 2
+5 6
cfi=(19)
cfn=(76)
calls=2 122 
* 28
* 4
+2 5
-7 4
+13 1
-1 1
+1 2
-1 2
+1 7
-1 7
+1 14
-1 16
+5 7
+3 2
-3 8
+3 10
+1 3
-1 3
+1 15
-1 9
+1 18
+1 24
-1 12
-1 12
+2 24
-1 24
-1 24
+4 9
+3 1
+1 1
+1 2
-2 1
+1 1
-1 1
+2 3
-1 1
+1 2
+3 2
+3 2
-6 2
+2 6
+3 1
+1 2
-6 2
+6 3
+7 8
+1 1
-1 2
+3 2
-3 3
+1 3
-1 6
+3 6
+3 4
+3 9
185 5
+29 1
+1 3
+1 1
-1 1
+1 1
-1 2
+2 2
+4 1
+3 3

fl=(7)
fn=(12)
89 8
+25 1
-1 1
+1 70
+6 1
-3 1
+1 1
-4 1
+3 1
+3 8
-29 1
-1 2
+30 20
+1 108
+61 1
+1 1
-1 1
+1 1
-63 75
+34 1
-34 2
+35 1
-35 2
+46 1
-46 1
+47 1
-1 1
-46 3
+40 1
-40 1
+41 1
-1 1
-40 3
+37 1
-37 2
+38 1
-38 3
+13 1
-13 2
+14 1
-14 2
+10 1
-10 2
+11 1
-11 2
+7 1
-7 4
+4 1
-4 4
223 1
cfi=(8)
cfn=(14)
calls=1 +60 
* 8746
fi=(10)
36 2
cfi=(11)
cfn=(20)
calls=1 -5 
* 9
fi=(12)
322 1
-13 1
+13 1
-12 1
+1 1
+11 1
+3 6
476 3
+1 1
+3 2
+1 1
+6 1
+6 1
-5 1
+5 1
-3 1
+3 1
-4 1
+4 1
cfi=(8)
cfn=(26)
calls=1 367 
* 17
+2 4
cfi=(8)
cfn=(26)
calls=1 367 
* 19
* 1
+2 3
-2 1
+2 1
cfi=(8)
cfn=(26)
calls=1 367 
* 19
* 1
+2 3
-2 1
+2 1
cfi=(8)
cfn=(26)
calls=1 367 
* 19
* 1
+12 1
-1 1
-11 1
+12 1
fe=(7)
235 1
cfi=(13)
cfn=(28)
calls=1 79 
* 16
* 1
+2 2
cfi=(14)
cfn=(30)
calls=1 32 
* 17
* 3
+12 3
+3 5
cfi=(2)
cfn=(32)
calls=1 1127 
* 94686
+1 1
+1 8
fi=(12)
515 3
+28 1
fe=(7)
234 1
fi=(12)
534 3
+2 4
+1 2
+2 4
+1 2
331 6
cfn=(24)
calls=1 71 
* 97
49 4
+1 2
+1 6
+5 2
+1 6
+5 2
+1 6
336 1
+2 1
+7 1
+59 1
+10 1
-78 2
+89 4
-96 1
+96 2
-99 1
+12 10
+38 2
+14 1
+10 5
+14 2
+1 1
fe=(7)

fn=(306)
259 1

fl=(45)
fn=(144)
26 12
+1 3

fl=(84)
fn=(316) call_init.part.0
28 32
+8 4
-8 4
+11 4
-3 8
+3 12
+5 9
+5 4
+9 12
cob=(3)
cfi=(86) ./csu/init-first.c
cfn=(328) _init
calls=1 -6 
* 95
cob=(2)
cfi=(17)
cfn=(318) 0x000000000482e000
calls=1 -58 
* 6
+3 2
+1 4
+6 2
+2 4
-2 4
+3 10
+1 8
cob=(3)
cfi=(90) ./libio/vtables.c
cfn=(338) check_stdfiles_vtables
calls=1 +12 
* 11
cob=(4) /usr/lib/x86_64-linux-gnu/valgrind/vgpreload_core-amd64-linux.so
cfi=(85) ???
cfn=(322) 0x0000000000001100
calls=1 -72 
* 11
* 4
cob=(3)
cfi=(91) ./string/../sysdeps/x86/cacheinfo.c
cfn=(340) init_cacheinfo
calls=1 488 
* 1714
-1 9
+3 24
-29 3
-5 3

fn=(314)
79 11
+1 1
+1 1
+3 3
+8 2
+25 1
+1 5
+1 2
-89 2
+89 6
-89 18
cfn=(316)
calls=3 -2 
* 1933
+88 12
+7 8
-95 3
cfn=(316)
calls=1 -2 
* 70
+57 2

fl=(41)
fn=(134)
33 9
+1 6
+1 12
+4 3

fl=(21)
fn=(56)
144 154
+1 154
+2 154
+1 154
+21 154
+1 154
+1 69
+1 69
+1 52
+1 52
+1 52
+1 52
+21 52
+1 52
+1 52
+1 52
+1 52
+1 52
+1 52
+5 6
+1 6
+9 6
+1 6
+1 6
+1 6
+1 6
+1 6
+1 6
+1 6
-7 102
+1 102
+1 102
+1 102
+1 102
+1 102
+1 102
+1 102
+1 45
+1 19
+1 19
+1 19
+2 19
+1 19
+1 19
+1 19
+1 19
+1 19
-5 26
+1 26
+1 26
+1 26
+1 26
+1 26
+10 63
+1 63
+1 63
+2 63
+6 63
+1 63
+1 63
+1 63
+1 63
+5 63
+2 1
+1 1
+1 2
+8 1
+1 1
+3 1
+1 1
+1 1
+1 1
+1 1
+1 1
696 1
+1 1
+1 1
+1 1
+1 1
+2 1
+1 1
+1 1
+1 1
+1 1
+1 1
+1 1
+1 1
+4 1
+1 1
+1 1
+6 1
+1 1
+1 2
+4 1
+1 1
+3 1
+1 1
+1 1
+3 1
+1 1
+1 1
+6 1
+1 1
+1 1
+1 1
+1 1
+1 1
+72 1
+1 1
+1 1
+1 1
+1 1
+2 1
+1 1
+1 1
+1 1
+1 1
+1 1
+1 1
+1 1
+4 1
+1 1
+1 1
+6 1
+1 1
+1 2
+4 1
+1 1
+3 1
+1 1
+1 1
+3 1
+1 1
+1 1
+6 1
+1 1
+1 1
+1 1
+1 1
+1 1
+72 12
+1 12
+1 12
+1 12
+1 12
+2 12
+1 12
+1 12
+1 12
+1 12
+1 12
+1 12
+1 11
+4 11
+1 11
+1 11
+6 11
+1 11
+1 22
+4 11
+1 11
+3 11
+1 11
+1 11
+3 11
+1 11
+1 11
+6 11
+1 11
+1 11
+1 11
+1 11
+1 11
+72 2
+1 2
+1 2
+1 2
+1 2
+2 2
+1 2
+1 2
+1 2
+1 2
+1 2
+1 2
+1 2
+4 2
+1 2
+1 2
+6 2
+1 2
+1 4
+4 2
+1 2
+3 2
+1 2
+1 2
+3 2
+1 2
+1 2
+6 2
+1 2
+1 2
+1 2
+1 2
+1 2
+7 1
+1 1
+2 1
+1 1
+2 1
+1 1
+1 1
+3 1
+1 1
+1 1
+6 1
+1 1
+1 1
+1 1
+1 1
+1 1
+41 2
+1 2
+1 2
+1 2
+1 2
+2 2
+1 2
+1 2
+1 2
+1 2
+1 2
+1 2
+1 2
+4 2
+1 2
+1 2
+6 2
+1 2
+1 4
+4 2
+1 2
+3 2
+1 2
+1 2
+3 2
+1 2
+1 2
+6 2
+1 2
+1 2
+1 2
+1 2
+1 2
+72 1
+1 1
+1 1
+1 1
+1 1
+2 1
+1 1
+1 1
+1 1
+1 1
+1 1
+1 1
+1 1
+4 1
+1 1
+1 1
+6 1
+1 1
+1 2
+4 1
+1 1
+3 1
+1 1
+1 1
+3 1
+1 1
+1 1
+6 1
+1 1
+1 1
+1 1
+1 1
+1 1
+72 2
+1 2
+1 2
+1 2
+1 2
+2 2
+1 2
+1 2
+1 2
+1 2
+1 2
+1 2
+1 2
+4 2
+1 2
+1 2
+6 2
+1 2
+1 4
+4 2
+1 2
+3 2
+1 2
+1 2
+3 2
+1 2
+1 2
+6 2
+1 2
+1 2
+1 2
+1 2
+1 2
+72 11
+1 11
+1 11
+1 11
+1 11
+2 11
+1 11
+1 11
+1 11
+1 11
+1 11
+1 11
+1 11
+4 11
+1 11
+1 11
+6 11
+1 11
+1 22
+4 11
+1 11
+3 11
+1 11
+1 11
+3 11
+1 11
+1 11
+6 11
+1 11
+1 11
+1 11
+1 11
+1 11
+72 1
+1 1
+1 1
+1 1
+1 1
+2 1
+1 1
+1 1
+1 1
+1 1
+1 1
+1 1
1821 10
+1 10
+1 10
+1 10
+1 10
+2 10
+1 10
+1 10
+1 10
+1 10
+1 10
+1 10
+1 7
+4 7
+1 7
+1 7
+6 7
+1 7
+1 14
+4 7
+1 7
+3 7
+1 7
+1 7
+3 7
+1 7
+1 7
+6 7
+1 7
+1 7
+1 7
+1 7
+1 7
+72 1
+1 1
+1 1
+1 1
+1 1
+2 1
+1 1
+1 1
+1 1
+1 1
+1 1
+1 1
+1 1
+4 1
+1 1
+1 1
+6 1
+1 1
+1 2
+4 1
+1 1
+3 1
+1 1
+1 1
+3 1
+1 1
+1 1
+6 1
+1 1
+1 1
+1 1
+1 1
+1 1
+72 1
+1 1
+1 1
+1 1
+1 1
+2 1
+1 1
+1 1
+1 1
+1 1
+1 1
+1 1
2200 40
+2 40
+1 40
+1 40
+1 40
-3 68
+1 68
+1 68
+1 68
+1 38
+5 19
+6 19
+1 19
+8 19
+1 19
-16 135
+6 135
+1 135
+8 135
+1 135

fl=(33)
fn=(188)
191 7
+6 3
+3 2
+36 3
+2 1
-2 1
-2 1
-40 1
-1 1
-1 1
+46 2
+23 3
+3 1
-3 4
+2 2
+10 1
-12 1
-25 6
+2 2
+3 1
-1 1
+5 2
-5 1
+1 1
-1 1
+3 2
+2 3
+32 2
-1 1
+53 1
-52 4
+2 2
+51 8

fn=(98)
169 2
+1 1
+15 2

fn=(186)
69 1
+4 1
-4 1
+4 1
-4 3
+4 3
cfi=(8)
cfn=(26)
calls=1 367 
* 19
* 1
+1 4
cfi=(8)
cfn=(26)
calls=1 367 
* 19
* 3
+6 1
+2 4
+5 1
-2 1
+4 3
+1 2
+1 5

fn=(190)
389 1
+13 1
-13 2
+2 1
+12 2
cfi=(18)
cfn=(44)
calls=1 49 
* 24
* 1
+1 3
+8 2
-69 1
+69 2
+1 1
+4 297
+19 1
-94 2
+1 2
cfi=(18)
cfn=(40)
calls=1 92 
* 33
* 1
+1 2
+3 1
+6 2
+89 5

fn=(168)
107 1
+13 1
-13 1
+36 1
+12 1
+4 1

fn=(302)
944 7
+6 1
+3 1
+1 1
+4 3
+41 2
+3 4
-1 1
+1 1
+2 6

fn=(304)
494 8
+1 2
+4 1
+6 1
-6 1
+6 2
-4 1
+16 1
-15 2
+20 8
+9 3
+1 2
+6 3
+3 1
-2 1
+6 1
-6 1
+2 1
+4 1
-4 3
+1 1
+2 2
+4 2
+1 4
+2 2
+1 2
+12 1
-3 1
+3 2
cfi=(19)
cfn=(76)
calls=1 122 
* 12
* 5
cfi=(29)
cfn=(78)
calls=1 109 
* 33
-36 1
-6 4
+6 4
+50 2
+3 9

ob=(2)
fl=(17)
fn=(364)
0 6

fn=(318)
0 6

fn=(92)
0 3
cob=(1)
cfi=(18)
cfn=(94)
calls=3 111 
0 12

fn=(414) 0x0000000004865308
0 2
cob=(3)
cfi=(110)
cfn=(416)
calls=2 3031 
0 75150

ob=(4)
fl=(85)
fn=(322)
0 11

ob=(3)
fl=(89) ./ctype/ctype-info.c
fn=(336) __ctype_init
31 7
+2 4
+2 4
+1 1

fl=(131) ./string/../sysdeps/x86_64/multiarch/memset-vec-unaligned-erms.S
fn=(522) __memset_avx2_unaligned_erms
168 3
+5 1
+1 1
+1 1
+1 1
+8 1
+1 1
+3 1
+1 1
+10 1
+1 1
+1 1
+1 1
+1 1
+1 1
+1 1
+1 1
+1 1
+1 1
+1 1
+1 1
+1 1
+1 1
+2 2
+1 2
+1 2
+1 2
+1 2
+1 2
+1 2
+1 1
+1 1

fl=(111) ./malloc/hooks.c
fn=(418) malloc_hook_ini
30 1
-1 2
+1 1
fi=(112) ./malloc/arena.c
291 4
cfn=(422) ptmalloc_init.part.0
calls=1 -2 
* 74263
fe=(111)
32 1
+1 1
-1 1
cfi=(110)
cfn=(417) malloc'2
calls=1 3031 
* 675

fl=(59)
fn=(210)
36 3
-2 1
+2 1
-2 2
fi=(60) ./string/../sysdeps/x86_64/multiarch/strncpy.c
-5 1
fe=(59)

fn=(218)
36 3
-2 1
+2 1
-2 2
fi=(63) ./string/../sysdeps/x86_64/multiarch/strcat.c
-5 1
fe=(59)

fn=(252)
36 3
-2 1
+2 1
-2 2
fi=(73) ./string/../sysdeps/x86_64/multiarch/strcpy.c
-5 1
fe=(59)

fn=(282)
36 3
-2 1
+2 1
-2 2
fi=(79) ./string/../sysdeps/x86_64/multiarch/stpncpy.c
-3 1
fe=(59)

fn=(286)
36 3
-2 1
+2 1
-2 2
fi=(80) ./string/../sysdeps/x86_64/multiarch/stpcpy.c
-1 1
fe=(59)

fl=(123) ./stdlib/../stdlib/strtol.c
fn=(472) __strtol_internal
98 6
cfi=(124) ./stdlib/../stdlib/strtol_l.c
cfn=(474) ____strtol_l_internal
calls=2 226 
* 204

fl=(134) ./stdio-common/vfprintf-internal.c
fn=(540) __vfprintf_internal
1289 12
+31 5
+8 4
+4 5
+11 3
+11 2
fi=(139) ./stdio-common/printf-parse.h
111 2
fe=(134)
1354 2
fi=(139)
111 1
cfi=(135) ./string/../sysdeps/x86_64/multiarch/strchr-avx2.S
cfn=(544) __strchrnul_avx2
calls=1 -66 
* 18
* 1
fe=(134)
1369 2
fi=(139)
111 1
fe=(134)
1365 1
+4 1
+4 1
fi=(137) ./stdio-common/../libio/libioP.h
941 1
+2 1
-2 2
+2 1
-2 1
+2 1
+1 2
fe=(134)
1373 6
cfi=(107) ./libio/fileops.c
cfn=(548) _IO_file_xsputn@@GLIBC_2.2.5
calls=1 1198 
* 19
* 4
+4 1
-4 1
+4 2
+4 7
-57 1
+57 1
-23 1
-8 1
+73 8
-13 1
-1 1
+14 1
-3 1
-4 1
-9 1
+16 1
-15 1
+7 1
-3 1
+11 2
-17 1
-1 1
+18 2
-19 1
-1 1
+20 1
-3 1
-9 1
-9 1
+17 2
1741 7
+1 3
+3 12
1369 7
+1 7
fi=(105) ./stdio-common/../sysdeps/unix/sysv/linux/x86/lowlevellock.h
47 2
fe=(134)
1370 4
1741 6
-36 1
+2 2
+8 1
fi=(139)
111 2
fe=(134)
1715 1
fi=(139)
111 1
fe=(134)
1715 1
fi=(139)
111 1
cfi=(135)
cfn=(544)
calls=1 -66 
* 18
* 1
fe=(134)
1719 1
-4 1
+4 3
fi=(137)
943 3
+1 2
fe=(134)
1719 6
cfi=(107)
cfn=(548)
calls=1 1198 
* 66
* 13
+2 3
-33 21
cfi=(136) ./string/../sysdeps/x86_64/multiarch/strlen-avx2.S
cfn=(552) __strnlen_avx2
calls=1 45 
* 22
* 1
* 10
fi=(137)
943 3
+1 3
fe=(134)
1688 5
cfi=(107)
cfn=(548)
calls=1 1198 
* 495
* 11
1574 3
+1 3
+69 13
-65 3
+1 4
+15 8
+3 4
+18 5
+28 3

fl=(104) ./stdio-common/vfscanf-internal.c
fn=(396) __vfscanf_internal
278 28
+10 2
-8 2
+8 4
+1 2
fi=(122) ./stdio-common/../include/scratch_buffer.h
78 2
fe=(104)
289 2
fi=(122)
77 4
fe=(104)
339 2
fi=(122)
77 2
fe=(104)
339 8
+6 7
+3 10
+4 4
+20 2
-13 2
+13 2
-13 2
+6 2
+2 8
+5 28
fi=(105)
47 6
fe=(104)
372 6
+9 2
-4 2
+4 6
-49 2
-49 2
+1 2
+9 2
-11 2
503 4
328 2
503 2
327 2
-1 2
-1 2
-12 2
503 2
-85 4
+23 8
+1 4
-61 6
3020 8
345 2
3030 30
fi=(122)
85 6
fe=(104)
3034 4
+17 4
+6 24
206 2
+16 2
+1 4
487 10
+44 22
+80 4
+4 4
+1 2
-1 2
+1 4
+1 6
+3 4
+1 14
+6 6
+3 4
-3 2
+3 8
-3 4
+4 10
+1 18
cfi=(106) ./libio/genops.c
cfn=(468) _IO_sputbackc
calls=2 +3 
* 36
+4 16
-9 4
cfi=(106)
cfn=(400) __uflow
calls=2 299 
* 75479
* 6
481 2
+22 8
+21 6
+4 2
+3 4
+75 2
+1 2
+4 2
-4 2
+10 6
1397 22
+5 6
+9 4
+26 10
1732 4
fi=(122)
113 12
fe=(104)
1739 18
260 4
1796 2
260 4
+3 6
1798 8
+2 18
-68 4
+2 8
+2 8
+67 4
206 2
1810 4
214 4
1811 4
+28 12
cfi=(106)
cfn=(468)
calls=2 635 
* 36
260 8
+3 6
1843 4
1668 2
206 2
1861 4
1668 4
1860 6
+1 2
cfi=(123)
cfn=(472)
calls=2 98 
* 210
* 2
+6 6
+3 8
+6 4
-4 4
+4 4
+23 2
381 4
1389 2
-1 2
+2 2
1741 8
1434 8
1812 4
+1 4
+65 4
+2 4
+1 6
+14 20

fl=(94)
fn=(352)
137 10
+4 1
-4 3
+4 3
+96 2
+1 3
cfi=(95) ./stdlib/cxa_atexit.c
cfn=(354) __cxa_atexit
calls=1 70 
* 72
+22 4
+3 2
+1 5
cob=(5)
cfi=(93)
cfn=(362)
calls=1 0 
* 50
+4 4
+15 2
+12 2
cfi=(97) ./setjmp/../sysdeps/x86_64/bsd-_setjmp.S
cfn=(374) _setjmp
calls=1 30 
* 28
+1 2
+5 2
+1 2
+3 2
+3 6
cob=(5)
cfi=(100)
cfn=(380)
calls=1 856 
* 38953966

fl=(97)
fn=(374)
30 1
+2 1
cfi=(98) ./setjmp/../sysdeps/x86_64/setjmp.S
cfn=(376) __sigsetjmp
calls=1 * 
* 26

fl=(69)
fn=(238)
41 3
-2 1
+2 1
-2 2
+14 1

fl=(88) ./string/../sysdeps/x86_64/multiarch/strrchr-avx2.S
fn=(334) __strrchr_avx2
43 1
+1 1
+2 1
+1 1
+3 1
+1 1
+1 1
+33 1
+1 1
+1 1
+1 1
+1 1
+1 1
+1 1
+1 1
+1 1
+1 1
+3 1
+1 1
+9 1
+1 1
+99 1
+1 1
+8 1
+1 1
+1 1
+1 1
+1 1
+2 1
+1 1
+1 1
+1 1
+1 1

fl=(126) ./libio/iofgets.c
fn=(498) fgets
37 2
-5 7
+7 3
+8 14
+4 1
-4 2
+4 1
+1 1
+1 2
-1 1
+1 4
-2 1
+2 1
cfi=(127) ./libio/iogetline.c
cfn=(500) _IO_getline
calls=1 -19 
* 100
+3 1
+1 1
-1 2
fi=(120) ./libio/libioP.h
885 10
fe=(126)
66 7
-10 2
+4 1
+3 4
fi=(120)
884 3
fe=(126)

fl=(103)
fn=(394)
25 24
+4 2
+1 4
-1 4
+1 2
-1 2
+1 2
-1 2
+1 2
-1 2
+1 2
cfi=(104)
cfn=(396)
calls=2 278 
* 76534
+4 10

fl=(61)
fn=(248)
32 4
fi=(72) ./string/../sysdeps/x86_64/multiarch/strncase.c
-1 1
fe=(61)

fn=(272)
32 4
fi=(78) ./string/../sysdeps/x86_64/multiarch/strcasecmp_l.c
-1 1
fe=(61)

fn=(214)
32 4
fi=(62) ./string/../sysdeps/x86_64/multiarch/strcasecmp.c
-1 1
fe=(61)

fn=(296)
32 4
fi=(83) ./string/../sysdeps/x86_64/multiarch/strncase_l.c
-1 1
fe=(61)

fl=(127)
fn=(502) _IO_getline_info
49 13
+2 2
+2 3
+2 4
+28 1
+2 5
cfi=(128) ./string/../sysdeps/x86_64/multiarch/memchr-avx2.S
cfn=(506) __memchr_avx2
calls=1 -42 
* 22
* 1
* 1
+1 2
-29 3
+1 2
+31 1
+1 1
-2 2
+1 1
+1 2
+2 1
+2 2
+2 5
cfi=(129) ./string/../sysdeps/x86_64/multiarch/memmove-vec-unaligned-erms.S
cfn=(510) __memcpy_avx_unaligned_erms
calls=1 233 
* 12
* 1
+1 1
+1 1
-1 1
+10 8

fn=(500)
34 2
cfn=(502)
calls=1 +15 
* 98

fl=(65)
fn=(228)
32 3
-2 6

fn=(242)
32 6
-2 10
fi=(140) ./wcsmbs/../sysdeps/x86_64/multiarch/wcschr.c
+1 2
fe=(65)

fn=(226)
32 6
-2 10
fi=(141) ./wcsmbs/../sysdeps/x86_64/multiarch/wmemchr.c
+1 2
fe=(65)

fn=(278)
32 3
-2 5
fi=(142) ./wcsmbs/../sysdeps/x86_64/multiarch/wcslen.c
-1 1
fe=(65)

fl=(98)
fn=(376)
32 1
+9 1
+1 2
+1 1
+4 1
+1 1
+1 1
+1 1
+1 1
+2 2
+2 1
+1 1
+3 2
+2 1
+23 1
cfi=(99) ./setjmp/sigjmp.c
cfn=(378) __sigjmp_save
calls=1 -56 
* 8

fl=(112)
fn=(422)
289 5
+13 1
-8 1
+8 1
+6 3
fi=(110)
1795 4
+3 2
-3 3
+3 252
-3 378
+11 1
fe=(112)
313 2
fi=(110)
1807 1
fe=(112)
313 1
fi=(110)
1809 1
fe=(112)
313 2
cob=(1)
cfi=(101)
cfn=(389)
calls=1 72 
* 839
* 5
+1 4
cob=(1)
cfi=(8)
cfn=(26)
calls=1 +53 
* 19
* 1
+1 4
cob=(1)
cfi=(8)
cfn=(26)
calls=1 +52 
* 18
* 1
+1 4
cob=(1)
cfi=(8)
cfn=(26)
calls=1 +51 
* 19
* 1
+1 4
cob=(1)
cfi=(8)
cfn=(26)
calls=1 +50 
* 19
* 1
+1 4
cob=(1)
cfi=(8)
cfn=(26)
calls=1 +49 
* 18
* 1
+1 4
cob=(1)
cfi=(8)
cfn=(26)
calls=1 +48 
* 19
* 1
+1 4
cob=(1)
cfi=(8)
cfn=(26)
calls=1 +47 
* 19
* 1
+2 4
cob=(1)
cfi=(8)
cfn=(26)
calls=1 +45 
* 19
* 1
+1 4
cob=(1)
cfi=(8)
cfn=(26)
calls=1 +44 
* 19
* 1
+1 4
cob=(1)
cfi=(8)
cfn=(26)
calls=1 +43 
* 19
* 1
+3 4
cob=(1)
cfi=(8)
cfn=(26)
calls=1 +40 
* 19
* 1
+69 2
+1 2
+3 1
+1 6
-98 5
cfi=(113) ./elf/dl-addr.c
cfn=(424) _dl_addr
calls=1 126 
* 72477
* 2
+1 4

fl=(116) ./malloc/morecore.c
fn=(448) __default_morecore
46 23
+1 23
cfi=(117) ./misc/sbrk.c
cfn=(450) sbrk
calls=23 -15 
* 801
+2 69
+3 46

fl=(124)
fn=(474)
226 4
+54 2
-54 8
+19 2
-19 8
+26 4
+31 8
+9 12
+2 4
+5 4
+5 2
-6 2
+7 6
+3 6
+10 4
+10 8
-82 4
434 8
310 2
450 2
+10 6
-10 2
+10 2
+12 4
-5 2
+5 2
+1 6
-41 4
+2 4
+2 6
+28 6
+3 4
+11 4
+5 6
+1 2
+5 4
325 4
492 6
-2 4
+17 10
+18 16

fl=(135)
fn=(544)
45 2
+2 2
+1 2
+1 2
+2 2
+1 2
+1 2
+4 2
+1 2
+1 2
+1 2
+1 2
+1 2
+1 2
184 2
+2 2
+7 2
+1 2

fl=(121) ./io/../sysdeps/unix/sysv/linux/read.c
fn=(466) read
26 192030
+1 32005

fl=(125)
fn=(488)
34 768060
+3 384030
+1 1056081
+5 896069
-5 32003
cfi=(106)
cfn=(400)
calls=32003 299 
* 6112573

fl=(91)
fn=(342) handle_intel.constprop.0
259 21
+2 9
+3 6
+8 6
+3 6
-2 3
+2 3
-5 6
+11 15
+5 6
+2 3
+1 3
-1 3
+5 12
cfn=(344) intel_check_word.constprop.0
calls=3 132 
* 993
+2 6
+3 15
cfn=(344)
calls=3 132 
* 317
+2 6
+19 33

fn=(344)
132 18
-4 24
+10 18
-10 6
+10 24
+2 12
+68 18
+3 36
-71 24
+2 15
+2 30
+8 30
+51 24
+22 12
fi=(92) ./string/../bits/stdlib-bsearch.h
28 12
-1 24
+8 66
-6 162
+2 162
+1 81
fe=(91)
+87 162
+3 81
fi=(92)
-85 30
fe=(91)
+97 3
255 24
-91 9
+3 9
-6 3
+3 6
+9 6
+1 6
+22 5
-32 15
+3 15
+4 16
+2 32
+2 14
+1 4
+5 3
+2 6
+2 3
+2 3
+1 3
-2 3
-1 3
+2 6
-2 3
+3 3
-2 9
+2 9
-11 10
+1 6
+1 2

fn=(340)
488 7
+14 2
769 1
+13 1
502 2
772 2
+2 1
+1 1
+2 1
-3 1
+5 1
-5 1
+4 3
+4 2
+3 2
+2 1
+1 1
+2 1
-3 1
+5 1
-5 1
+4 3
+15 1
+2 6
-2 1
+3 8
500 1
+4 1
-4 1
+4 1
cfn=(342)
calls=1 259 
* 457
+2 1
-2 1
+2 1
cfn=(342)
calls=1 259 
* 495
+5 1
-5 1
+5 1
cfn=(342)
calls=1 259 
* 520
* 1
+8 2
-9 1
+20 1
+5 2
+4 2
+8 6
+3 4
+6 2
-6 9
+6 6
+3 26
+14 2
+4 1
+3 1
+1 1
-4 1
+3 1
-3 1
+3 1
+6 4
-39 6
691 4
+1 5
+4 2
+73 2
564 2
+4 1
+1 1
-1 2
+1 1
+23 2
+8 2
+2 1
-2 6
+2 4
-2 1
+4 1
+23 2
-25 2
+2 6
+2 6
+3 2
+1 8
+2 4
+3 2
+5 1
+2 2
+1 1
+1 1
-2 2
+1 1
+1 1
+27 2
+1 2
+2 1
-1 1
+1 1
-24 2
-7 1
+11 2
+3 1
+2 4
+1 1
+5 2

fl=(77)
fn=(266)
40 3
-2 1
+2 1
-2 2
+11 1

fl=(110)
fn=(454) alloc_perturb
1868 220107
+2 73369

fn=(444) _int_malloc
3513 513583
1208 146738
+2 366845
3553 8
+24 8
+61 73367
+2 73367
-2 73367
+2 146734
4147 660321
1210 146730
3553 146730
4131 146730
3577 146730
+58 8
+62 67
+1 6
3577 8
1210 8
3582 8
+2 8
-2 146722
+2 146722
+5 440178
4133 146734
3637 73367
4133 953771
3718 73367
-1 73367
-1 73367
+1 146734
+1 146736
-1 2
-1 2
+1 4
+1 4
-2 146736
+6 73368
+6 73368
+67 220104
-67 220104
-6 1
+6 1
+67 3
-67 3
3917 146738
+2 6
+3 2
-3 2
+3 4
+68 146738
+1 73369
+1 73369
-1 73369
+3 73369
-2 73369
+2 73369
-1 146738
+1 73369
+5 146738
+7 880404
-3 880410
4103 73369
+1 146738
+2 146738
+3 220129
+17 66
3638 6
4141 88
cfn=(446) sysmalloc
calls=22 2255 
* 3545
* 22
+1 44
-22 220107
cfn=(454)
calls=73369 1868 
* 293476
+1 73369
-7 73347
-3 73347
+1 73347
-1 73347
+3 73347
-1 73347
+1 73347
+2 73347
-2 366735
+2 73347
+3 146694

fn=(416)
3031 73368
-8 293472
+8 73368
+1 146736
1208 146734
+2 293468
3044 293468
+3 146734
+9 220101
+2 220101
cfn=(444)
calls=73367 3513 
* 11008241
* 73367
+1 513569
+23 366835
1210 73363
3042 220089
+7 220098
-16 1
+49 3
-49 1
cfi=(111)
cfn=(418)
calls=1 30 
* 74949

fn=(417)
3031 1
-8 4
+8 1
+1 2
1208 2
+2 4
3044 4
+12 3
+2 3
cfn=(444)
calls=1 3513 
* 149
* 1
+1 7
+23 5
1210 1
3042 3
-64 4
cfn=(440) tcache_init.part.0
calls=1 +3 
* 472
+69 2
+1 4
+1 3

fn=(440)
2981 1
-9 1
+9 6
fi=(115) ./malloc/../sysdeps/unix/sysv/linux/x86/lowlevellock.h
47 2
fe=(110)
2982 3
cfn=(444)
calls=1 3513 
* 358
* 1
+1 2
+8 4
+7 2
+2 1
+1 2
-1 1
+1 86
+3 2

fn=(446)
2255 176
+20 44
+11 44
+1 110
fi=(112)
536 66
fe=(110)
2302 88
+66 22
+1 66
+1 22
+9 193
+6 66
+3 66
2705 44
+1 22
+5 44
+3 44
+5 22
-2 22
+5 22
-6 22
+3 44
-1 22
+1 44
+1 22
-1 44
+1 22
+8 198
2379 110
-77 44
2449 44
+11 22
+8 44
+2 110
cfi=(116)
cfn=(448)
calls=22 46 
* 937
+4 66
-4 22
+4 22
+3 44
+1 44
+48 22
-2 44
+2 22
-2 65
+2 21
+6 42
-6 1
+6 44
+1 21
2710 21
2533 63
-8 2
2662 1
-1 1
-1 1
+1 2
+1 1
-1 1
+1 1
+11 2
2535 4
+40 3
+22 2
+1 5
+2 1
+1 5
cfi=(116)
cfn=(448)
calls=1 46 
* 25
+12 3
-12 1
+12 1
+8 2
+1 2
+1 3

fl=(66)
fn=(232)
34 1
-1 2
+1 1
-2 2
+2 3
+1 2
fi=(67) ./string/../sysdeps/x86_64/multiarch/memcmp.c
-6 1
fe=(66)

fl=(70)
fn=(240)
42 10
+4 4
-1 4
+6 4
+6 4
+2 10

fl=(86)
fn=(328)
52 3
+3 3
+14 1
+8 1
-10 1
+1 1
+1 1
+8 1
cfi=(87) ./misc/init-misc.c
cfn=(330) __init_misc
calls=1 -46 
* 58
+8 2
-5 1
cfi=(89)
cfn=(336)
calls=1 -49 
* 16
-18 1
-7 1
+7 4

fl=(133) ./stdio-common/printf.c
fn=(538) printf
28 12
+4 1
+1 2
-1 2
+1 1
-1 1
+1 1
-1 1
+1 1
-1 1
+1 1
cfi=(134)
cfn=(540)
calls=1 1289 
* 938
+4 5

fl=(128)
fn=(506)
43 1
+1 1
+2 1
+2 1
+9 1
+3 1
+1 1
+1 1
+32 1
+1 1
+1 1
+1 1
+2 1
+1 1
+1 1
+1 1
+3 1
+1 1
+2 1
+1 1
+1 1
+1 1

fl=(117)
fn=(450)
32 46
+8 23
-8 46
+8 135
+4 46
+4 88
+12 5
-19 2
cfi=(118) ./misc/../sysdeps/unix/sysv/linux/x86_64/brk.c
cfn=(452) brk
calls=1 -10 
* 10
* 2
+4 2
+11 22
cfi=(118)
cfn=(452)
calls=22 -25 
* 220
* 44
+4 110

fl=(107)
fn=(464) _IO_file_read
1132 32005
+2 32005
-1 32005
+1 64010
cfi=(121)
cfn=(466)
calls=32005 26 
* 224035

fn=(558) _IO_do_write@@GLIBC_2.2.5
426 3
+1 1

fn=(556) _IO_file_overflow@@GLIBC_2.2.5
732 4
+1 3
+7 4
+35 2
-32 2
+12 2
+9 3
+5 3
+2 2
-5 1
+5 1
+1 1
-5 1
+1 1
+4 4
+5 1
+11 1
-12 1
+12 2
-11 1
-1 1
cfn=(558)
calls=1 426 
* 4
-31 2
cfi=(106)
cfn=(406) _IO_doallocbuf
calls=1 344 
* 305
+1 1
+9 1
-9 4

fn=(404) _IO_file_underflow@@GLIBC_2.2.5
466 96015
-4 256040
+7 64010
+6 96015
+3 64010
+12 64008
+7 352055
fi=(119) ./libio/../sysdeps/unix/sysv/linux/x86/lowlevellock.h
47 32005
fe=(107)
497 64010
fi=(119)
47 32005
fe=(107)
499 32005
-2 32005
+2 32005
-2 32005
+2 32005
fi=(120)
941 64010
fe=(107)
499 32005
-2 32005
fi=(120)
941 32005
+2 32005
-2 32005
fe=(107)
499 64010
fi=(120)
884 64010
+1 352055
fe=(107)
506 64010
cfi=(106)
cfn=(462) _IO_switch_to_get_mode
calls=32005 164 
* 768120
+11 32005
-5 32005
fi=(120)
943 32005
fe=(107)
512 32005
fi=(120)
943 32005
fe=(107)
512 32005
+1 32005
+2 32005
-1 64010
fi=(120)
944 64010
fe=(107)
517 128020
cfn=(464)
calls=32005 1132 
* 384060
+2 64010
+16 32005
-9 32005
+9 64010
+2 64010
+1 256040
-57 3
+5 2
cfi=(106)
cfn=(406)
calls=1 344 
* 75091
+4 3

fn=(410) _IO_file_stat
1147 2
+1 6
cfi=(109) ./io/../sysdeps/unix/sysv/linux/wordsize-64/fxstat.c
cfn=(412) _fxstat
calls=2 33 
* 20

fn=(548)
1198 9
+7 3
-7 12
+6 10
+9 4
-2 8
+17 6
+1 1
+3 1
-3 1
+3 2
+2 1
+2 1
+2 3
-2 1
cfi=(129)
cfn=(566) __mempcpy_avx_unaligned_erms
calls=1 220 
* 17
* 1
+1 1
+1 1
-2 1
+4 2
+27 2
+1 27
-36 1
+12 1
fi=(120)
941 3
+2 2
+1 2
fe=(107)
1244 3
cfn=(556)
calls=1 732 
* 358
* 2
+6 2
+1 7
+2 2
+11 3
+1 4
cfi=(106)
cfn=(560) _IO_default_xsputn
calls=1 371 
* 72
+2 3

fl=(81)
fn=(290)
34 1
-1 2
+1 1
-2 2
+2 3
+1 2
fi=(82) ./wcsmbs/../sysdeps/x86_64/multiarch/wmemcmp.c
-6 1
fe=(81)

fl=(95)
fn=(360) __new_exitfn
88 2
-6 4
+11 4
-10 2
+12 4
-2 1
+10 1
-10 3
+45 1
+5 1
-4 1
+4 4
-18 1
-1 1
+1 1

fn=(356) __internal_atexit
36 5
+5 6
+2 1
fi=(96) ./stdlib/../sysdeps/unix/sysv/linux/x86/lowlevellock.h
+4 1
fe=(95)
-4 2
fi=(96)
+4 2
fe=(95)
-3 2
cfn=(360)
calls=1 +44 
* 31
+2 2
+7 1
+3 1
-3 2
+4 1
-2 1
+3 1
+1 4
+2 7

fn=(354)
70 2
cfn=(356)
calls=1 -34 
* 70

fl=(113)
fn=(424)
126 2
+2 1
-2 8
+5 1
-5 1
+5 2
cob=(1)
cfi=(2)
cfn=(52)
calls=1 841 
* 2
+2 2
cob=(1)
cfi=(101)
cfn=(389)
calls=1 -61 
* 923
* 5
+2 3
30 1
+1 1
-1 1
+1 1
+3 2
+5 1
+6 1
-7 1
+2 3
+2 3
+3 2
+4 5
-5 4
+5 4043
+2 1010
+1 2020
-1 1
+1 2
+2 2757
+10 9308
+1 14980
+5 7074
-10 7074
+1 14148
+2 7043
+37 2
+1 1
+1 3
+3 2
+36 2
cob=(1)
cfi=(2)
cfn=(54)
calls=1 847 
* 2
+3 9
-79 2016
+52 1
+21 1
-20 2

fl=(76)
fn=(262)
37 5
+6 1

fl=(108) ./libio/filedoalloc.c
fn=(408) _IO_file_doallocate
78 16
+6 8
fi=(120)
941 6
+2 4
+1 4
fe=(108)
84 6
cfi=(107)
cfn=(410)
calls=2 1147 
* 28
* 4
+2 8
+11 8
+4 4
cob=(2)
cfi=(17)
cfn=(414)
calls=2 0 
* 75152
* 2
+1 4
+2 8
cfi=(106)
cfn=(456) _IO_setb
calls=2 329 
* 54
+1 2
+1 16
-15 1
fi=(143) ./libio/../include/sys/sysmacros.h
-44 6
fe=(108)
+44 1
-2 2
+5 2

fl=(129)
fn=(510)
233 1
+6 1
+1 1
+58 1
+1 1
+2 1
+1 1
+31 1
+1 1
+1 1
+1 1
+1 1

fn=(566)
220 1
+1 1
+1 1
+17 1
+1 1
+58 1
+1 1
+2 1
+1 1
+1 1
+1 1
+1 1
+1 1
+1 1
+1 1
+1 1
+2 1

fl=(99)
fn=(378)
28 2
+2 2
-1 1
+5 3

fl=(118)
fn=(452)
31 138
+2 46
+6 23
+1 23

fl=(109)
fn=(412)
33 6
+1 4
+1 8
+4 2

fl=(58)
fn=(230)
45 3
-1 2
+5 2
-1 2
+12 2
+2 5

fn=(208)
45 6
-1 4
+5 4
-1 4
+12 4
+2 10

fn=(256)
45 3
-1 2
+5 2
-1 2
+12 2
+2 5

fl=(90)
fn=(338)
84 4
+1 3
+1 3
+2 1

fl=(136)
fn=(552)
45 1
+1 1
+7 1
+2 1
+1 1
+1 1
+3 1
+1 1
+1 1
+32 1
+1 1
+1 1
+1 1
+2 1
+1 1
+1 1
+1 1
+3 1
+1 1
320 1
+4 1
+1 1

fl=(68)
fn=(236)
41 6
-2 2
+2 2
-2 4
+15 2

fl=(106)
fn=(462)
164 128020
+1 96015
+3 96015
+4 64010
+1 64010
+7 32005
-4 32005
+4 32005
-2 64010
+3 32005
+1 128020

fn=(402) _IO_default_uflow
361 32005
fi=(120)
941 64010
fe=(106)
361 32005
fi=(120)
941 32005
fe=(106)
361 64010
+1 32005
fi=(120)
943 64010
+1 64010
fe=(106)
362 64010
cfi=(107)
cfn=(404)
calls=32005 466 
* 4299757
+1 64010
+2 128020
+1 128020

fn=(468)
635 16
+3 12
+1 8
+9 4
+3 16
-10 8
+1 4
+5 4

fn=(456)
329 18
+1 8
+5 4
-3 2
+3 4
-2 2
+2 4
+3 12

fn=(406)
344 4
-1 6
+3 8
+1 2
fi=(120)
941 6
+2 4
+1 4
fe=(106)
347 4
cfi=(108)
cfn=(408)
calls=2 78 
* 75346
* 4
+3 8

fn=(560)
371 9
+3 2
fi=(120)
941 7
fe=(106)
389 2
+8 1
+2 2
-20 4
+2 1
+1 2
+2 2
+19 1
+1 8
fi=(120)
947 2
fe=(106)
394 2
-1 3
+1 8
-1 12
+1 4

fn=(400)
299 128020
+1 96015
+5 64010
+3 96015
+2 64010
+6 64010
+7 32005
fi=(120)
941 96015
+2 64010
+1 64010
fe=(106)
323 32005
+1 32005
-1 32005
+1 64010
-1 32005
cfn=(402)
calls=32005 +38 
* 5067877
-23 64010
+21 96015

fl=(64)
fn=(222)
32 3
-2 5
fi=(144) ./string/../sysdeps/x86_64/multiarch/strrchr.c
-2 1
fe=(64)

fn=(270)
32 3
-2 5
fi=(145) ./string/../sysdeps/x86_64/multiarch/memrchr.c
-1 1
fe=(64)

fn=(244)
32 6
-2 10
fi=(146) ./string/../sysdeps/x86_64/multiarch/strnlen.c
+1 2
fe=(64)

fn=(294)
32 3
-2 5
fi=(147) ./string/../sysdeps/x86_64/multiarch/strchrnul.c
+1 1
fe=(64)

fn=(224)
32 3
-2 5
fi=(148) ./string/../sysdeps/x86_64/multiarch/rawmemchr.c
+1 1
fe=(64)

fn=(268)
32 3
-2 5
fi=(149) ./string/../sysdeps/x86_64/multiarch/strlen.c
-1 1
fe=(64)

fn=(276)
32 3
-2 5
fi=(150) ./string/../sysdeps/x86_64/multiarch/memchr.c
-1 1
fe=(64)

fl=(87)
fn=(330)
31 2
-1 4
+1 3
+2 3
cfi=(88)
cfn=(334)
calls=1 +10 
* 33
* 1
+4 5
+1 3
+2 4

fl=(75)
fn=(260)
32 4
-2 2
+2 6
-2 4
+5 2
-1 2
+1 2
-1 6
fi=(151) ./wcsmbs/../sysdeps/x86_64/multiarch/wmemset.c
-3 4
fe=(75)

fl=(71)
fn=(246)
30 5
fi=(152) ./string/../sysdeps/x86_64/multiarch/strcspn.c
-1 1
fe=(71)

fn=(264)
30 5
fi=(153) ./string/../sysdeps/x86_64/multiarch/strpbrk.c
-1 1
fe=(71)

fn=(280)
30 5
fi=(154) ./string/../sysdeps/x86_64/multiarch/strspn.c
-1 1
fe=(71)

fl=(132) ./string/../sysdeps/x86_64/multiarch/strcmp-avx2.S
fn=(530) __strncmp_avx2
82 1
+1 1
+1 1
+6 1
+2 1
+1 1
+2 1
+1 1
+1 1
+1 1
+1 1
+2 1
+1 1
+1 1
+1 1
+1 1
+1 1
+1 1
+1 1
+4 1
+1 1
+13 1
+1 1
+1 1
+2 1
+1 1

fl=(74)
fn=(258)
40 3
-2 1
+2 1
-2 2
+11 1

totals: 39061544
